305000535222020012700000044          909.10            9.09
305000535222020012700000043          909.10            9.09
305000535222020012700000041         1300.00           13.00
305000535222020012700000039         1272.72           12.73
3052242816320200106 3363867       309671.00         3096.71
3052242816320200106 3363865       993800.00         9938.00
3052242816320200109 3365554      1029334.07        10293.34
3052242816320200116 3373559       337097.51         3370.98
3052242816320200121 3374572       104813.71         1048.14
3052242816320200121 3374571       144462.81         1444.63
3052242816320200123 3375669       282116.53         2821.17
3052242816320200127 3376478      1000519.00        10005.19
3052242816320200131 3380601      3018177.70        30181.78
305467713142020010320152100        51338.84         2053.55
305714213522020013101307461         5797.94          144.95
305714213522020013101307404          720.85           18.02
305714213522020013101305402         8726.51          218.16
305714213522020013101305356          760.48           19.01
3057142135220200131  297224         1200.23           30.01
305714213522020010201302173          613.80           15.35
305714213522020010201302004         2128.50           53.21
305714213522020010201301873         1584.00           39.60
305714213522020010201301818          599.79           14.99
305714213522020010201301746         1089.00           27.23
305714213522020010201299812         3491.90           87.30
305714213522020010201299530         6838.59          170.96
305714213522020010201297165          550.50           13.76
305714213522020010301302377          990.00           24.75
305714213522020010301300093         2610.14           65.25
3057142135220200103  386287         1723.94           43.10
305714213522020010601302618         9032.17          225.80
305714213522020010601302557          877.96           21.95
305714213522020010601302486         2514.41           62.86
305714213522020010601300385        10239.02          255.98
305714213522020010701302884         5216.18          130.40
305714213522020010701302746          901.81           22.55
305714213522020010701300678          474.57           11.86
305714213522020010801303171        11536.73          288.42
305714213522020010801303103          600.71           15.02
305714213522020010801302997          911.72           22.79
305714213522020010801300944         1328.80           33.22
305714213522020010901303436        10481.66          262.04
305714213522020010901303378         2430.56           60.76
305714213522020010901298880          844.73           21.12
305714213522020011001303694         3825.85           95.65
305714213522020011001303568         2810.23           70.26
305714213522020011001301555         4043.35          101.08
305714213522020011301303953         3461.02           86.53
305714213522020011301303830          792.80           19.82
305714213522020011301301840         4062.33          101.56
305714213522020011301301796         1423.71           35.59
305714213522020011401304183        25910.59          647.76
305714213522020011401304062          693.70           17.34
305714213522020011401302136         1518.63           37.97
305714213522020011501304475         5581.01          139.53
305714213522020011501304412         1136.71           28.42
305714213522020011501304312         1982.00           49.55
305714213522020011601304716         2200.02           55.00
305714213522020011701304948          891.90           22.30
305714213522020011701304836          495.50           12.39
305714213522020011701302846         3840.42           96.01
305714213522020012001305195        15737.28          393.43
305714213522020013001307173         2772.49           69.31
305714213522020012001303133         4562.88          114.07
305714213522020012001303074         1045.66           26.14
3057142135220200120  899129          273.22            6.83
305714213522020012101305429         1635.15           40.88
305714213522020012101303404         1549.48           38.74
305714213522020012101303354         1235.78           30.89
305714213522020012201305731         4220.27          105.51
305714213522020012201303660         1635.03           40.88
305714213522020012301305962         4772.46          119.31
305714213522020012301305859         2130.65           53.27
305714213522020012301303922         2699.70           67.49
305714213522020012401306198         5985.29          149.63
305714213522020012401306076         2170.29           54.26
305714213522020012401304152         3517.22           87.93
305714213522020012701306449         1124.78           28.12
305714213522020012701306402        22673.39          566.83
305714213522020012701304439         1197.76           29.94
3057142135220200127  113546          683.06           17.08
305714213522020012801306689          475.68           11.89
305714213522020012801306601         1746.17           43.65
305714213522020012801304686         1682.56           42.06
3057142135220200128  157167         1463.70           36.59
305714213522020012901306978         4170.97          104.27
305714213522020012901306903         1423.21           35.58
305714213522020012901306807          346.85            8.67
305714213522020012901304921         1188.25           29.71
3057142135220200129  199293          395.64            9.89
305714213522020013001307233         2672.18           66.80
305714213522020013001307102          495.50           12.39
305748168702020012720200129         7208.40          180.21
305777972812020011600033969         1779.99           17.80
305777972812020012100033982         1779.96           17.80
306453379792020011400063432         3305.78          115.70
306453379792020013100063904         3305.78          115.70
