01900002000000000000000015850000000939008180003000000000000000
01900002000000000000000015860000000066380160003000000000000000
01900002000000000000000015870000000035400000003000000000000000
01900002000000000000000015880000000021157040003000000000000000
01900002000000000000000015890000000108322300003000000000000000
01900002000000000000000015900000000017851200003000000000000000
01900002000000000000000015910000000107410000003000000000000000
00100010000000000000000112370000000389138430005000000008171907
00100010000000000000000112380000000210462810005000000004419719
00100010000000000000000112390000000020247930005000000000425207
00100010000000000000000112400000000071930000005000000001510530
00100010000000000000000112410000000090247930005000000001895207
00100010000000000000000112420000000810557850005000000017021715
00100010000000000000000112430000000064264460005000000001349554
00100010000000000000000112440000000181355370005000000003808463
00100010000000000000000112450000000693276860005000000014558814
00100010000000000000000112460000000438698350005000000009212665
00100010000000000000000112470000000529083640005000000011110756
00100010000000000000000112480000000504992360005000000010604840
00100010000000000000000112490000000033454550005000000000702545
00100010000000000000000112500000000027801690005000000000583835
00100010000000000000000112510000000027603310005000000000579669
00100010000000000000000112520000000117068180005000000002458432
00100010000000000000000112530000000101355410005000000002128464
00100010000000000000000112540000000086909200005000000001825093
00100010000000000000000112550000000969917360005000000020368264
00100010000000000000000112560000000153126450005000000003215655
00100010000000000000000112570000000058200410005000000001222209
00100010000000000000000112580000000160115290005000000003362421
00100010000000000000000112590000000007024790005000000000147521
00100010000000000000000112600000000033173550005000000000696645
00100010000000000000000112610000000214322960005000000004500782
00100010000000000000000112620000000327390500005000000006875201
00100010000000000000000112630000000356578520005000000007488149
00100010000000000000000112640000000418958680005000000008798132
00100010000000000000000112650000000374597110005000000007866539
00100010000000000000000112660000000468694220005000000009842579
00100010000000000000000112670000000212043390005000000004452911
00100010000000000000000112680000000179202480005000000003763252
00100010000000000000000112690000000245399980005000000005153400
00100010000000000000000112700000001923801650005000000040399835
00100010000000000000000112710000001303966940005000000027383306
00100010000000000000000112720000000355371900005000000007462810
00100010000000000000000112730000000031983470005000000000671653
00100010000000000000000112740000000519307850005000000010905465
00100010000000000000000112750000000440702480005000000009254752
00100010000000000000000112760000000291074380005000000006112562
00100010000000000000000112770000000074049650005000000001555043
00100010000000000000000112780000000102644630005000000002155537
00100010000000000000000112790000000097512400005000000002047760
00100010000000000000000112800000000004866940005000000000102206
00100010000000000000000112810000000620444520005000000013029335
00100010000000000000000112820000000400361590005000000008407593
00100010000000000000000112830000000304390500005000000006392200
00100010000000000000000112840000000050613640005000000001062886
00100010000000000000000112850000000014876030005000000000312397
00100010000000000000000112860000001109008260005000000023289174
00100010000000000000000112870000000573994970005000000012053894
00100010000000000000000112880000001400826450005000000029417355
00100010000000000000000112890000000141322310005000000002967769
00100010000000000000000112900000000957287190005000000020103031
00100010000000000000000112910000000848954550005000000017828045
00100010000000000000000112920000000016100000005000000000338100
00100010000000000000000112930000000009892560005000000000207744
00100010000000000000000112940000000120495870005000000002530413
00100010000000000000000112950000000168057850005000000003529215
00100010000000000000000112960000000098670160005000000002072073
00100010000000000000000112970000000014876030005000000000312397
00100010000000000000000112980000000007024790005000000000147521
00100010000000000000000112990000000038101240005000000000800126
00100010000000000000000113000000000251367770005000000005278723
00100010000000000000000113010000000087150000005000000001830150
00100010000000000000000113020000000252149590005000000005295141
00100010000000000000000113030000000070550000005000000001481550
00100010000000000000000113040000000041735540005000000000876446
00100010000000000000000113050000000540264990005000000011345565
00100010000000000000000113060000000480516900005000000010090855
00100010000000000000000113070000000290702800005000000006104759
00100010000000000000000113080000000173888620005000000003651661
00100010000000000000000113090000000153132890005000000003215791
00100010000000000000000113100000000490318180005000000010296682
00100010000000000000000113110000000486524790005000000010217021
00100010000000000000000113120000000897918390005000000018856286
00100010000000000000000113130000000079338940005000000001666118
00100010000000000000000113140000000097252070005000000002042293
00100010000000000000000113150000001077966940005000000022637306
00100010000000000000000113160000000102116530005000000002144447
00300010000000000000000007320000000631239670005000000013256033
00300010000000000000000007330000000015842980005000000000332702
00300010000000000000000007340000001923801650005000000040399835
00300010000000000000000007350000000102644630005000000002155537
00300010000000000000000007360000000003966940005000000000083306
00300010000000000000000007370000000490318180005000000010296682
00600010000000000000000521720000000019834730005000000000416529
00600010000000000000000521730000000140671490005000000002954101
00600010000000000000000521740000000117805790005000000002473921
00600010000000000000000521750000000015384300005000000000323070
00600010000000000000000521760000000073000000005000000001533000
00600010000000000000000521770000000022281020005000000000467901
00600010000000000000000521780000000017520660005000000000367934
00600010000000000000000521790000000050049590005000000001051041
00600010000000000000000521800000000025586780005000000000537322
00600010000000000000000521810000000025586780005000000000537322
00600010000000000000000521820000000064132230005000000001346777
00600010000000000000000521830000000005795450005000000000121705
00600010000000000000000521840000000026479340005000000000556066
00600010000000000000000521850000000037652920005000000000790711
00600010000000000000000521860000000018148760005000000000381124
00600010000000000000000521870000000012107440005000000000254256
00600010000000000000000521880000000081586780005000000001713322
00600010000000000000000521890000000004462810005000000000093719
00600010000000000000000521900000000021495870005000000000451413
00600010000000000000000521910000000013768590005000000000289140
00600010000000000000000521920000000017785130005000000000373488
00600010000000000000000521930000000008867770005000000000186223
00600010000000000000000521940000000040991740005000000000860826
00600010000000000000000521950000000021619860005000000000454017
00600010000000000000000521960000000010413220005000000000218678
00600010000000000000000521970000000012750000005000000000267750
00600010000000000000000521980000000014876030005000000000312397
00600010000000000000000521990000000039636360005000000000832364
00600010000000000000000522000000000027371930005000000000574810
00600010000000000000000522010000000028099170005000000000590083
00600010000000000000000522020000000075966940005000000001595306
00600010000000000000000522030000000040743800005000000000855620
00600010000000000000000522040000000020066120005000000000421388
00600010000000000000000522050000000046181860005000000000969819
00600010000000000000000522060000000038280990005000000000803901
00600010000000000000000522070000000167801650005000000003523835
00600010000000000000000522080000000004800000005000000000100800
00600010000000000000000522090000000023057850005000000000484215
00600010000000000000000522100000000057421500005000000001205851
00600010000000000000000522110000000031338880005000000000658117
00600010000000000000000522120000000009917360005000000000208264
00600010000000000000000522130000000030809920005000000000647008
00600010000000000000000522140000000025785120005000000000541488
00600010000000000000000522150000000015173550005000000000318645
00600010000000000000000522160000000017454550005000000000366545
00600010000000000000000522170000000027801690005000000000583835
00600010000000000000000522180000000017768600005000000000373140
00600010000000000000000522190000000011661170005000000000244885
00600010000000000000000522200000000128760490005000000002703970
00600010000000000000000522210000000103636480005000000002176366
00600010000000000000000522220000000050776860005000000001066314
00600010000000000000000522230000000027717020005000000000582057
00600010000000000000000522240000000022743800005000000000477620
00600010000000000000000522250000000007024790005000000000147521
00600010000000000000000522260000000003698350005000000000077665
00600010000000000000000522270000000021342980005000000000448202
00600010000000000000000522280000000012892560005000000000270744
00600010000000000000000522290000000012582640005000000000264236
00600010000000000000000522300000000008429750005000000000177025
00600010000000000000000522310000000022512400005000000000472760
00600010000000000000000522320000000040867770005000000000858223
00600010000000000000000522330000000011471070005000000000240893
00600010000000000000000522340000000062280990005000000001307901
00600010000000000000000522350000000026479340005000000000556066
00600010000000000000000522360000000029157020005000000000612298
00600010000000000000000522370000000015427150005000000000323970
00600010000000000000000522380000000039669420005000000000833058
00600010000000000000000522390000000040709380005000000000854897
00600010000000000000000522400000000014876030005000000000312397
00600010000000000000000522410000000020231410005000000000424860
00600010000000000000000522420000000014392560005000000000302244
00600010000000000000000522430000000008404960005000000000176504
00600010000000000000000522440000000091239670005000000001916033
00600010000000000000000522450000000019834710005000000000416529
00600010000000000000000522460000000006768600005000000000142140
00600010000000000000000522470000000069553720005000000001460628
00600010000000000000000522480000000095338840005000000002002116
00600010000000000000000522490000000002314050005000000000048595
00600010000000000000000522500000000013223140005000000000277686
00600010000000000000000522510000000014876030005000000000312397
00600010000000000000000522520000000007772730005000000000163227
00600010000000000000000522530000000039008260005000000000819174
00600010000000000000000522540000000039297520005000000000825248
00600010000000000000000522550000000026528930005000000000557107
00600010000000000000000522560000000014876030005000000000312397
00600010000000000000000522570000000023140500005000000000485950
00600010000000000000000522580000000025787190005000000000541531
00600010000000000000000522590000000009413220005000000000197678
00600010000000000000000522600000000013223140005000000000277686
00600010000000000000000522610000000004462810005000000000093719
00600010000000000000000522620000000052099170005000000001094083
00600010000000000000000522630000000006743810005000000000141620
00600010000000000000000522640000000012793390005000000000268661
00600010000000000000000522650000000025702480005000000000539752
00600010000000000000000522660000000014876030005000000000312397
00600010000000000000000522670000000034049590005000000000715041
00600010000000000000000522680000000009268600005000000000194640
00600010000000000000000522690000000034735540005000000000729446
00600010000000000000000522700000000006743800005000000000141620
00600010000000000000000522710000000007231400005000000000151860
00600010000000000000000522720000000014876030005000000000312397
00600010000000000000000522730000000021752060005000000000456793
00600010000000000000000522740000000085842980005000000001802702
00600010000000000000000522750000000009268600005000000000194640
00600010000000000000000522760000000027148760005000000000570124
00600010000000000000000522770000000016115700005000000000338430
00600010000000000000000522780000000014462810005000000000303719
00600010000000000000000522790000000123636360005000000002596364
00600010000000000000000522800000000018892560005000000000396744
00600010000000000000000522810000000007438020005000000000156198
00600010000000000000000522820000000043326450005000000000909855
00600010000000000000000522830000000018281000005000000000383901
00600010000000000000000522840000000019720530005000000000414131
00600010000000000000000522850000000035867770005000000000753223
00600010000000000000000522860000000049090910005000000001030909
00600010000000000000000522870000000004427240005000000000092972
00600010000000000000000522880000000039264460005000000000824554
00600010000000000000000522890000000096842980005000000002033702
00600010000000000000000522900000000014876030005000000000312397
00600010000000000000000522910000000035867770005000000000753223
00600010000000000000000522920000000047603310005000000000999669
00600010000000000000000522930000000014876030005000000000312397
00600010000000000000000522940000000014876030005000000000312397
00600010000000000000000522950000000006942150005000000000145785
00600010000000000000000522960000000032933880005000000000691612
00600010000000000000000522970000000014876030005000000000312397
00600010000000000000000522980000000014876030005000000000312397
00600010000000000000000522990000000101628100005000000002134190
00600010000000000000000523000000000014876030005000000000312397
00600010000000000000000523010000000009834710005000000000206529
00600010000000000000000523020000000045619830005000000000958017
00600010000000000000000523030000000005165290005000000000108471
00600010000000000000000523040000000082872340005000000001740319
00600010000000000000000523050000000045223140005000000000949686
00600010000000000000000523060000000031582700005000000000663237
00600010000000000000000523070000000011528930005000000000242107
00600010000000000000000523080000000029181820005000000000612818
00600010000000000000000523090000000018140500005000000000380950
00600010000000000000000523100000000007024790005000000000147521
00600010000000000000000523110000000055272730005000000001160727
00600010000000000000000523120000000004194210005000000000088079
00600010000000000000000523130000000029669420005000000000623058
00600010000000000000000523140000000016942150005000000000355785
00600010000000000000000523150000000014876030005000000000312397
00600010000000000000000523160000000036727270005000000000771273
00600010000000000000000523170000000007438020005000000000156198
00600010000000000000000523180000000011611570005000000000243843
00600010000000000000000523190000000037148760005000000000780124
00600010000000000000000523200000000068502070005000000001438543
00600010000000000000000523210000000014876030005000000000312397
00600010000000000000000523220000000043099170005000000000905083
00600010000000000000000523230000000026450000005000000000555450
00600010000000000000000523240000000009917360005000000000208264
00600010000000000000000523250000000012750000005000000000267750
00600010000000000000000523260000000038099170005000000000800083
00600010000000000000000523270000000049917360005000000001048264
00600010000000000000000523280000000027716990005000000000582057
00600010000000000000000523290000000005950410005000000000124959
00600010000000000000000523300000000032561980005000000000683802
00600010000000000000000523310000000014876030005000000000312397
00600010000000000000000523320000000009917360005000000000208264
00600010000000000000000523330000000031404960005000000000659504
00600010000000000000000523340000000015991740005000000000335826
00600010000000000000000523350000000007231400005000000000151860
00600010000000000000000523360000000014876030005000000000312397
00600010000000000000000523370000000011661160005000000000244884
00600010000000000000000523380000000008351230005000000000175376
00600010000000000000000523390000000004367770005000000000091723
00600010000000000000000523400000000028057850005000000000589215
00600010000000000000000523410000000037969090005000000000797351
00600010000000000000000523420000000005950410005000000000124959
00600010000000000000000523430000000045619830005000000000958017
00600010000000000000000523440000000037008310005000000000777174
00600010000000000000000523450000000006074380005000000000127562
00600010000000000000000523460000000013388430005000000000281157
00600010000000000000000523470000000012809920005000000000269008
00600010000000000000000523480000000036564100005000000000767846
00600010000000000000000523490000000014876030005000000000312397
00600010000000000000000523500000000014876030005000000000312397
00600010000000000000000523510000000031450410005000000000660459
00600010000000000000000523520000000009917360005000000000208264
00600010000000000000000523530000000108739670005000000002283533
00600010000000000000000523540000000014876030005000000000312397
00600010000000000000000523550000000014876030005000000000312397
00600010000000000000000523560000000045219010005000000000949599
00600010000000000000000523570000000029347120005000000000616290
00600010000000000000000523580000000002892560005000000000060744
00600010000000000000000523590000000013305790005000000000279421
00600010000000000000000523600000000026588840005000000000558366
00600010000000000000000523610000000018830580005000000000395442
00600010000000000000000523620000000020000000005000000000420000
00600010000000000000000523630000000018743800005000000000393620
00600010000000000000000523640000000236712810005000000004970969
00600010000000000000000523650000000014876030005000000000312397
00600010000000000000000523660000000003487600005000000000073240
00600010000000000000000523670000000002066120005000000000043388
00600010000000000000000523680000000014876030005000000000312397
00600010000000000000000523690000000014119830005000000000296517
00600010000000000000000523700000000014876030005000000000312397
00600010000000000000000523710000000208706960005000000004382846
00600010000000000000000523720000000014876030005000000000312397
00600010000000000000000523730000000050086780005000000001051822
00600010000000000000000523740000000016799590005000000000352791
00600010000000000000000523750000000047727270005000000001002273
00600010000000000000000523760000000015371900005000000000322810
00600010000000000000000523770000000013768590005000000000289140
00600010000000000000000523780000000029064050005000000000610345
00600010000000000000000523790000000055117770005000000001157473
00600010000000000000000523800000000007190080005000000000150992
00600010000000000000000523810000000008719010005000000000183099
00600010000000000000000523820000000053809920005000000001130008
00600010000000000000000523830000000025611570005000000000537843
00600010000000000000000523840000000031694210005000000000665579
00600010000000000000000523850000000058324380005000000001224812
00600010000000000000000523860000000027438020005000000000576198
00600010000000000000000523870000000014876030005000000000312397
00600010000000000000000523880000000014876030005000000000312397
00600010000000000000000523890000000015582640005000000000327236
00600010000000000000000523900000000014876030005000000000312397
00600010000000000000000523910000000005727270005000000000120273
00600010000000000000000523920000000014646690005000000000307581
00600010000000000000000523930000000016421490005000000000344851
00600010000000000000000523940000000013276850005000000000278814
00600010000000000000000523950000000018299570005000000000384291
00600010000000000000000523960000000014876030005000000000312397
00600010000000000000000523970000000049400830005000000001037417
00600010000000000000000523980000000005355370005000000000112463
00600010000000000000000523990000000020516530005000000000430847
00600010000000000000000524000000000025921490005000000000544351
00600010000000000000000524010000000006396690005000000000134331
00600010000000000000000524020000000139626030005000000002932147
00600010000000000000000524030000000036599200005000000000768583
00600010000000000000000524040000000004462810005000000000093719
00600010000000000000000524050000000014876030005000000000312397
00600010000000000000000524060000000031888430005000000000669657
00600010000000000000000524070000000059574380005000000001251062
00600010000000000000000524080000000012528930005000000000263107
00600010000000000000000524090000000032795450005000000000688705
00600010000000000000000524100000000037998010005000000000797958
00600010000000000000000524110000000014876030005000000000312397
00600010000000000000000524120000000051059920005000000001072258
00600010000000000000000524130000000032630170005000000000685233
00600010000000000000000524140000000006673550005000000000140145
00600010000000000000000524150000000005795450005000000000121705
00600010000000000000000524160000000094423580005000000001982895
00600010000000000000000524170000000014876030005000000000312397
00600010000000000000000524180000000021842980005000000000458702
00600010000000000000000524190000000004545450005000000000095455
00600010000000000000000524200000000009917360005000000000208264
00600010000000000000000524210000000009917360005000000000208264
00600010000000000000000524220000000019524790005000000000410021
00600010000000000000000524230000000020247930005000000000425207
00600010000000000000000524240000000046148780005000000000969124
00600010000000000000000524250000000006287190005000000000132031
00600010000000000000000524260000000015243800005000000000320120
00600010000000000000000524270000000009504130005000000000199587
00600010000000000000000524280000000060165290005000000001263471
00600010000000000000000524290000000038638430005000000000811407
00600010000000000000000524300000000079239670005000000001664033
00600010000000000000000524310000000221487600005000000004651240
00600010000000000000000524320000000015876030005000000000333397
00600010000000000000000524330000000014876030005000000000312397
00600010000000000000000524340000000014876030005000000000312397
00600010000000000000000524350000000057913220005000000001216178
00600010000000000000000524360000000016322310005000000000342769
00600010000000000000000524370000000032582640005000000000684236
00600010000000000000000524380000000039727270005000000000834273
00600010000000000000000524390000000011227270005000000000235773
00600010000000000000000524400000000058884300005000000001236570
00600010000000000000000524410000000014876030005000000000312397
00600010000000000000000524420000000062661160005000000001315884
00600010000000000000000524430000000050076450005000000001051605
00600010000000000000000524440000000037715370005000000000792023
00600010000000000000000524450000000036074360005000000000757561
00600010000000000000000524460000000004628100005000000000097190
00600010000000000000000524470000000004462810005000000000093719
00600010000000000000000524480000000043404970005000000000911504
00600010000000000000000524490000000044954550005000000000944045
00600010000000000000000524500000000032582640005000000000684236
00600010000000000000000524510000000022092980005000000000463952
00600010000000000000000524520000000012082640005000000000253736
00600010000000000000000524530000000072169740005000000001515564
00600010000000000000000524540000000035475210005000000000744979
00600010000000000000000524550000000043869890005000000000921268
00600010000000000000000524560000000031611570005000000000663843
00600010000000000000000524570000000208039470005000000004368829
00600010000000000000000524580000000214592980005000000004506452
00600010000000000000000524590000000036888430005000000000774657
00600010000000000000000524600000000067537270005000000001418283
00600010000000000000000524610000000031487570005000000000661239
00600010000000000000000524620000000299262810005000000006284519
00600010000000000000000524630000000038078510005000000000799649
00600010000000000000000524640000000008037190005000000000168781
00600010000000000000000524650000000007169420005000000000150558
00600010000000000000000524660000000038814700005000000000815109
00600010000000000000000524670000000011520660005000000000241934
00600010000000000000000524680000000080427690005000000001688981
00600010000000000000000524690000000016964880005000000000356262
00800010000000000000000015660000000027801690005000000000583835
00800010000000000000000015670000000017768600005000000000373140
00800010000000000000000015680000000009413220005000000000197678
00800010000000000000000015690000000009268600005000000000194640
00800010000000000000000015700000000035867770005000000000753223
00800010000000000000000015710000000047603310005000000000999669
00800010000000000000000015720000000018743800005000000000393620
00100011000000000000000019020000000175289180005000000003681073
00100011000000000000000019030000000035454550005000000000744546
00100011000000000000000019040000000016161160005000000000339384
00100011000000000000000019050000000016438040005000000000345199
00100011000000000000000019060000000064958680005000000001364132
00100011000000000000000019070000000052190080005000000001095992
00100011000000000000000019080000000018363630005000000000385636
00600011000000000000000361050000000024859500005000000000522050
00600011000000000000000361060000000022289260005000000000468074
00600011000000000000000361070000000006214870005000000000130512
00600011000000000000000361080000000013627270005000000000286173
00600011000000000000000361090000000006710740005000000000140926
00600011000000000000000361100000000042611600005000000000894844
00600011000000000000000361110000000027438000005000000000576198
00600011000000000000000361120000000022247930005000000000467206
00600011000000000000000361130000000035487600005000000000745240
00600011000000000000000361140000000013223140005000000000277686
00600011000000000000000361150000000031766540005000000000667097
00600011000000000000000361160000000002603310005000000000054670
00600011000000000000000361170000000018989670005000000000398783
00600011000000000000000361180000000004462810005000000000093719
00600011000000000000000361190000000016157020005000000000339297
00600011000000000000000361200000000093130170005000000001955734
00600011000000000000000361210000000009623950005000000000202103
00600011000000000000000361220000000104597240005000000002196542
00600011000000000000000361230000000013289260005000000000279074
00600011000000000000000361240000000020417350005000000000428764
00600011000000000000000361250000000027644660005000000000580538
00600011000000000000000361260000000041993800005000000000881870
00600011000000000000000361270000000003305790005000000000069421
00600011000000000000000361280000000041735550005000000000876447
00600011000000000000000361290000000019239670005000000000404033
00600011000000000000000361300000000061921480005000000001300351
00600011000000000000000361310000000005615700005000000000117930
00600011000000000000000361320000000069844980005000000001466745
00600011000000000000000361330000000012750000005000000000267750
00600011000000000000000361340000000018892570005000000000396744
00600011000000000000000361350000000013223140005000000000277686
00600011000000000000000361360000000013223140005000000000277686
00600011000000000000000361370000000011834700005000000000248529
00600011000000000000000361380000000004462810005000000000093719
00600011000000000000000361390000000029917360005000000000628264
00600011000000000000000361400000000012750000005000000000267750
00600011000000000000000361410000000014876030005000000000312397
00600011000000000000000361420000000004958680005000000000104132
00600011000000000000000361430000000004958680005000000000104132
00600011000000000000000361440000000004958680005000000000104132
00600011000000000000000361450000000009834710005000000000206529
00600011000000000000000361460000000023537200005000000000494281
00600011000000000000000361470000000034380170005000000000721984
00600011000000000000000361480000000025123970005000000000527603
00600011000000000000000361490000000025601240005000000000537626
00600011000000000000000361500000000011528930005000000000242107
00600011000000000000000361510000000024429740005000000000513025
00600011000000000000000361520000000024429750005000000000513025
00600011000000000000000361530000000023595030005000000000495496
00600011000000000000000361540000000012750000005000000000267750
00600011000000000000000361550000000025355370005000000000532463
00600011000000000000000361560000000000578510005000000000012149
00600011000000000000000361570000000013223140005000000000277686
00600011000000000000000361580000000004462810005000000000093719
00600011000000000000000361590000000001239670005000000000026033
00600011000000000000000361600000000012539260005000000000263324
00600011000000000000000361610000000004462810005000000000093719
00600011000000000000000361620000000004462810005000000000093719
00600011000000000000000361630000000009061980005000000000190302
00600011000000000000000361640000000008024790005000000000168520
00600011000000000000000361650000000004462810005000000000093719
00600011000000000000000361660000000006578510005000000000138149
00600011000000000000000361670000000004462810005000000000093719
00600011000000000000000361680000000004462810005000000000093719
00600011000000000000000361690000000037964880005000000000797262
00600011000000000000000361700000000037159090005000000000780341
00600011000000000000000361710000000013223140005000000000277686
00600011000000000000000361720000000019130170005000000000401733
00600011000000000000000361730000000013223140005000000000277686
00600011000000000000000361740000000024095030005000000000505996
00600011000000000000000361750000000004462810005000000000093719
00600011000000000000000361760000000004462810005000000000093719
00600011000000000000000361770000000007396690005000000000155330
00600011000000000000000361780000000009917360005000000000208264
00600011000000000000000361790000000012750000005000000000267750
00600011000000000000000361800000000024173550005000000000507645
00600011000000000000000361810000000031838840005000000000668616
00600011000000000000000361820000000086049600005000000001807042
00600011000000000000000361830000000024185940005000000000507905
00600011000000000000000361840000000012750000005000000000267750
00600011000000000000000361850000000061421480005000000001289851
00600011000000000000000361860000000012750000005000000000267750
00600011000000000000000361870000000013223140005000000000277686
00600011000000000000000361880000000148388050005000000003116149
00600011000000000000000361890000000034644670005000000000727538
00600011000000000000000361900000000017696270005000000000371622
00600011000000000000000361910000000006167360005000000000129514
00600011000000000000000361920000000035805370005000000000751913
00600011000000000000000361930000000108342120005000000002275184
00600011000000000000000361940000000026807850005000000000562965
00600011000000000000000361950000000012561980005000000000263802
00600011000000000000000361960000000015306050005000000000321427
00600011000000000000000361970000000007396690005000000000155330
00600011000000000000000361980000000021983470005000000000461653
00600011000000000000000361990000000006743800005000000000141620
00600011000000000000000362000000000014380160005000000000301983
00600011000000000000000362010000000013223140005000000000277686
00600011000000000000000362020000000014466940005000000000303806
00600011000000000000000362030000000025500030005000000000535501
00600011000000000000000362040000000013500000005000000000283500
00600011000000000000000362050000000009483470005000000000199153
00600011000000000000000362060000000011640490005000000000244450
00600011000000000000000362070000000020677680005000000000434231
00600011000000000000000362080000000040702460005000000000854752
00600011000000000000000362090000000026247940005000000000551207
00600011000000000000000362100000000013223140005000000000277686
00600011000000000000000362110000000004462810005000000000093719
00600011000000000000000362120000000004462810005000000000093719
00600011000000000000000362130000000013223140005000000000277686
00600011000000000000000362140000000048471220005000000001017896
00600011000000000000000362150000000004462810005000000000093719
00600011000000000000000362160000000004462810005000000000093719
00600011000000000000000362170000000004462810005000000000093719
00600011000000000000000362180000000006136360005000000000128864
00600011000000000000000362190000000004462810005000000000093719
00600011000000000000000362200000000007396690005000000000155330
00600011000000000000000362210000000004462810005000000000093719
00600011000000000000000362220000000024516520005000000000514847
00600011000000000000000362230000000047791330005000000001003618
00600011000000000000000362240000000009917360005000000000208264
00600011000000000000000362250000000011231400005000000000235860
00600011000000000000000362260000000001860190005000000000039064
00600011000000000000000362270000000017518590005000000000367890
00600011000000000000000362280000000033909090005000000000712091
00600011000000000000000362290000000013223140005000000000277686
00600011000000000000000362300000000012750000005000000000267750
00600011000000000000000362310000000004462810005000000000093719
00600011000000000000000362320000000021601240005000000000453626
00600011000000000000000362330000000004462810005000000000093719
00600011000000000000000362340000000004462810005000000000093719
00600011000000000000000362350000000013223140005000000000277686
00600011000000000000000362360000000023339560005000000000490131
00600011000000000000000362370000000049999170005000000001049983
00600011000000000000000362380000000006322310005000000000132769
00600011000000000000000362390000000007355370005000000000154463
00600011000000000000000362400000000004462810005000000000093719
00600011000000000000000362410000000014876030005000000000312397
00600011000000000000000362420000000004198200005000000000088162
00600011000000000000000362430000000010280990005000000000215901
00600011000000000000000362440000000029256200005000000000614380
00600011000000000000000362450000000013223140005000000000277686
00600011000000000000000362460000000081570200005000000001712974
00600011000000000000000362470000000015454550005000000000324545
00600011000000000000000362480000000028555790005000000000599671
00600011000000000000000362490000000013223140005000000000277686
00600011000000000000000362500000000023735530005000000000498446
00600011000000000000000362510000000009311650005000000000195545
00600011000000000000000362520000000002851240005000000000059876
00600011000000000000000362530000000022971070005000000000482392
00600011000000000000000362540000000013223140005000000000277686
00600011000000000000000362550000000003487600005000000000073240
00600011000000000000000362560000000004049590005000000000085041
00600011000000000000000362570000000014876030005000000000312397
00600011000000000000000362580000000026241750005000000000551077
00600011000000000000000362590000000007355370005000000000154463
00600011000000000000000362600000000024902910005000000000522961
00600011000000000000000362610000000015950410005000000000334959
00600011000000000000000362620000000004462810005000000000093719
00600011000000000000000362630000000004462810005000000000093719
00600011000000000000000362640000000014876030005000000000312397
00600011000000000000000362650000000040041320005000000000840868
00600011000000000000000362660000000050824390005000000001067312
00600011000000000000000362670000000075805570005000000001591917
00600011000000000000000362680000000004462810005000000000093719
00600011000000000000000362690000000012975200005000000000272479
00600011000000000000000362700000000009586780005000000000201322
00600011000000000000000362710000000028099160005000000000590082
00600011000000000000000362720000000008735540005000000000183446
00600011000000000000000362730000000024669420005000000000518058
00600011000000000000000362740000000007396690005000000000155330
00600011000000000000000362750000000014876030005000000000312397
00600011000000000000000362760000000008719010005000000000183099
00600011000000000000000362770000000076016530005000000001596347
00600011000000000000000362780000000062396690005000000001310331
00600011000000000000000362790000000033305790005000000000699421
00600011000000000000000362800000000001478680005000000000031052
00600011000000000000000362810000000021123980005000000000443604
00600011000000000000000362820000000000297520005000000000006248
00600011000000000000000362830000000019958680005000000000419132
00600011000000000000000362840000000095690080005000000002009492
00600011000000000000000362850000000020055790005000000000421171
00600011000000000000000362860000000004049590005000000000085041
00600011000000000000000362870000000045123970005000000000947603
00600011000000000000000362880000000025950410005000000000544959
00600011000000000000000362890000000039218980005000000000823599
00600011000000000000000362900000000015785120005000000000331487
00600011000000000000000362910000000054943470005000000001153813
00600011000000000000000362920000000004462810005000000000093719
00600011000000000000000362930000000004462810005000000000093719
00600011000000000000000362940000000121909090005000000002560091
00600011000000000000000362950000000012944740005000000000271840
00600011000000000000000362960000000014876030005000000000312397
00600011000000000000000362970000000014876030005000000000312397
00600011000000000000000362980000000012047520005000000000252998
00600011000000000000000362990000000028099180005000000000590083
00600011000000000000000363000000000013243800005000000000278120
00600011000000000000000363010000000004462810005000000000093719
00600011000000000000000363020000000014876030005000000000312397
00600011000000000000000363030000000004462810005000000000093719
00600011000000000000000363040000000010330580005000000000216942
00600011000000000000000363050000000040785100005000000000856487
00600011000000000000000363060000000004462810005000000000093719
00600011000000000000000363070000000026157020005000000000549298
00600011000000000000000363080000000013553720005000000000284628
00600011000000000000000363090000000019173550005000000000402645
00600011000000000000000363100000000048100690005000000001010115
00600011000000000000000363110000000013223140005000000000277686
00600011000000000000000363120000000062576450005000000001314105
00600011000000000000000363130000000048722370005000000001023170
00600011000000000000000363140000000011194210005000000000235078
00600011000000000000000363150000000086545480005000000001817455
00600011000000000000000363160000000004776850005000000000100314
00600011000000000000000363170000000030066120005000000000631388
00600011000000000000000363180000000009696930005000000000203635
00600011000000000000000363190000000034632260005000000000727277
00600011000000000000000363200000000025110820005000000000527327
00600011000000000000000363210000000037502820005000000000787559
00600011000000000000000363220000000004876030005000000000102397
00600011000000000000000363230000000041983470005000000000881653
00600011000000000000000363240000000004462810005000000000093719
00600011000000000000000363250000000049770660005000000001045184
00600011000000000000000363260000000006818180005000000000143182
00600011000000000000000363270000000020266500005000000000425597
00600011000000000000000363280000000061954550005000000001301046
00600011000000000000000363290000000004462810005000000000093719
00600011000000000000000363300000000026061990005000000000547302
00600011000000000000000363310000000006287180005000000000132031
00600011000000000000000363320000000072493800005000000001522370
00600011000000000000000363330000000007697600005000000000161650
00600011000000000000000363340000000017409080005000000000365591
00600011000000000000000363350000000015278940005000000000320858
00600011000000000000000363360000000040993800005000000000860870
00600011000000000000000363370000000014876030005000000000312397
00600011000000000000000363380000000004462810005000000000093719
00600011000000000000000363390000000017561990005000000000368802
00600011000000000000000363400000000064115690005000000001346429
00600011000000000000000363410000000006115700005000000000128430
00600011000000000000000363420000000070537150005000000001481280
00600011000000000000000363430000000054929750005000000001153525
00600011000000000000000363440000000032442730005000000000681297
00600011000000000000000363450000000058938090005000000001237700
00600011000000000000000363460000000007340910005000000000154159
00600011000000000000000363470000000020793380005000000000436661
00600011000000000000000363480000000033134290005000000000695820
00600011000000000000000363490000000032630170005000000000685234
00600011000000000000000363500000000029574390005000000000621062
00600011000000000000000363510000000016543350005000000000347410
00600011000000000000000363520000000029028910005000000000609607
00600011000000000000000363530000000014471070005000000000303893
00600011000000000000000363540000000054062020005000000001135302
00600011000000000000000363550000000011306380005000000000237434
00600011000000000000000363560000000047002060005000000000987043
00600011000000000000000363570000000013487600005000000000283240
00600011000000000000000363580000000025708680005000000000539882
00600011000000000000000363590000000011610390005000000000243818
00600011000000000000000363600000000009834710005000000000206529
00600011000000000000000363610000000027685950005000000000581405
00600011000000000000000363620000000008719010005000000000183099
00600011000000000000000363630000000028871900005000000000606310
00600011000000000000000363640000000018925610005000000000397438
00600011000000000000000363650000000159855350005000000003356962
00600011000000000000000363660000000030320250005000000000636725
00600011000000000000000363670000000018721100005000000000393143
00600011000000000000000363680000000034049590005000000000715041
00600011000000000000000363690000000006983470005000000000146653
00600011000000000000000363700000000034175610005000000000717688
00600011000000000000000363710000000021425620005000000000449938
00600011000000000000000363720000000063914070005000000001342196
00600011000000000000000363730000000017245880005000000000362163
00600011000000000000000363740000000004462810005000000000093719
00600011000000000000000363750000000039338840005000000000826116
00600011000000000000000363760000000024917350005000000000523264
00600011000000000000000363770000000010045470005000000000210955
00600011000000000000000363780000000004586780005000000000096322
00600011000000000000000363790000000033508330005000000000703675
00600011000000000000000363800000000028388430005000000000596157
00600011000000000000000363810000000014876030005000000000312397
00600011000000000000000363820000000004462810005000000000093719
00600011000000000000000363830000000016016530005000000000336347
00600011000000000000000363840000000019318220005000000000405683
00600011000000000000000363850000000042008290005000000000882174
00800011000000000000000009830000000004958680005000000000104132
00800011000000000000000009840000000012750000005000000000267750
00800011000000000000000009850000000012750000005000000000267750
00800011000000000000000009860000000004462810005000000000093719
00800011000000000000000009870000000004462810005000000000093719
00800011000000000000000009880000000076016530005000000001596347
00800011000000000000000009890000000029028910005000000000609607
00800011000000000000000009900000000010045470005000000000210955
00100012000000000000000014900000000150512470005000000003160762
00100012000000000000000014910000000100132240005000000002102777
00100012000000000000000014920000000112107440005000000002354256
00100012000000000000000014930000000026807850005000000000562965
00100012000000000000000014940000000029504150005000000000619587
00100012000000000000000014950000000025950410005000000000544959
00100012000000000000000014960000000028140500005000000000590950
00100012000000000000000014970000000006322310005000000000132769
00100012000000000000000014980000000006942150005000000000145785
00100012000000000000000014990000000025227300005000000000529773
00100012000000000000000015000000000041516520005000000000871847
00300012000000000000000000620000000005950410005000000000124959
00600012000000000000000278470000000048636370005000000001021364
00600012000000000000000278480000000019834710005000000000416529
00600012000000000000000278490000000007471070005000000000156893
00600012000000000000000278500000000022099180005000000000464083
00600012000000000000000278510000000032562010005000000000683802
00600012000000000000000278520000000012231410005000000000256860
00600012000000000000000278530000000032314050005000000000678595
00600012000000000000000278540000000018281000005000000000383901
00600012000000000000000278550000000016033060005000000000336694
00600012000000000000000278560000000016727270005000000000351273
00600012000000000000000278570000000003338840005000000000070116
00600012000000000000000278580000000054652870005000000001147710
00600012000000000000000278590000000030504130005000000000640587
00600012000000000000000278600000000021917370005000000000460265
00600012000000000000000278610000000014876030005000000000312397
00600012000000000000000278620000000015272730005000000000320727
00600012000000000000000278630000000008264460005000000000173554
00600012000000000000000278640000000066975290005000000001406481
00600012000000000000000278650000000072462800005000000001521719
00600012000000000000000278660000000005876030005000000000123397
00600012000000000000000278670000000028066110005000000000589388
00600012000000000000000278680000000006363640005000000000133636
00600012000000000000000278690000000035082640005000000000736735
00600012000000000000000278700000000030000000005000000000630000
00600012000000000000000278710000000005355370005000000000112463
00600012000000000000000278720000000007024790005000000000147521
00600012000000000000000278730000000019493820005000000000409370
00600012000000000000000278740000000014876030005000000000312397
00600012000000000000000278750000000026909110005000000000565091
00600012000000000000000278760000000009008260005000000000189174
00600012000000000000000278770000000016198350005000000000340165
00600012000000000000000278780000000004462810005000000000093719
00600012000000000000000278790000000047801700005000000001003836
00600012000000000000000278800000000011064060005000000000232345
00600012000000000000000278810000000007537200005000000000158281
00600012000000000000000278820000000006359510005000000000133550
00600012000000000000000278830000000058123960005000000001220603
00600012000000000000000278840000000090165300005000000001893471
00600012000000000000000278850000000010842980005000000000227703
00600012000000000000000278860000000017851240005000000000374876
00600012000000000000000278870000000103535120005000000002174237
00600012000000000000000278880000000004876030005000000000102397
00600012000000000000000278890000000007024790005000000000147521
00600012000000000000000278900000000000743800005000000000015620
00600012000000000000000278910000000049429750005000000001038025
00600012000000000000000278920000000007024790005000000000147521
00600012000000000000000278930000000014876030005000000000312397
00600012000000000000000278940000000009917360005000000000208264
00600012000000000000000278950000000003512400005000000000073760
00600012000000000000000278960000000016462820005000000000345719
00600012000000000000000278970000000014380170005000000000301983
00600012000000000000000278980000000002066120005000000000043389
00600012000000000000000278990000000014876030005000000000312397
00600012000000000000000279000000000041140500005000000000863951
00600012000000000000000279010000000036281010005000000000761901
00600012000000000000000279020000000005165290005000000000108471
00600012000000000000000279030000000015537190005000000000326281
00600012000000000000000279040000000016983470005000000000356653
00600012000000000000000279050000000005495870005000000000115413
00600012000000000000000279060000000015074380005000000000316562
00600012000000000000000279070000000007603310005000000000159669
00600012000000000000000279080000000051289260005000000001077074
00600012000000000000000279090000000008636360005000000000181364
00600012000000000000000279100000000006652890005000000000139711
00600012000000000000000279110000000004132250005000000000086777
00600012000000000000000279120000000018694210005000000000392579
00600012000000000000000279130000000020413220005000000000428678
00600012000000000000000279140000000045022730005000000000945477
00600012000000000000000279150000000007520660005000000000157934
00600012000000000000000279160000000009061980005000000000190302
00600012000000000000000279170000000036132280005000000000758778
00600012000000000000000279180000000026776860005000000000562314
00600012000000000000000279190000000011570250005000000000242975
00600012000000000000000279200000000019925620005000000000418438
00600012000000000000000279210000000024247940005000000000509207
00600012000000000000000279220000000052205550005000000001096317
00600012000000000000000279230000000055330580005000000001161942
00600012000000000000000279240000000007396690005000000000155330
00600012000000000000000279250000000013429740005000000000282025
00600012000000000000000279260000000009917360005000000000208264
00600012000000000000000279270000000023727250005000000000498272
00600012000000000000000279280000000005429750005000000000114025
00600012000000000000000279290000000023239670005000000000488033
00600012000000000000000279300000000013305790005000000000279421
00600012000000000000000279310000000011064070005000000000232345
00600012000000000000000279320000000004958680005000000000104132
00600012000000000000000279330000000004628100005000000000097190
00600012000000000000000279340000000022355370005000000000469463
00600012000000000000000279350000000011140510005000000000233951
00600012000000000000000279360000000003512400005000000000073760
00600012000000000000000279370000000018140510005000000000380951
00600012000000000000000279380000000035642560005000000000748494
00600012000000000000000279390000000004462810005000000000093719
00600012000000000000000279400000000005057850005000000000106215
00600012000000000000000279410000000032107440005000000000674256
00600012000000000000000279420000000024338840005000000000511116
00600012000000000000000279430000000004462810005000000000093719
00600012000000000000000279440000000003512400005000000000073760
00600012000000000000000279450000000002314050005000000000048595
00600012000000000000000279460000000000297520005000000000006248
00600012000000000000000279470000000012309920005000000000258508
00600012000000000000000279480000000002314050005000000000048595
00600012000000000000000279490000000003942160005000000000082785
00600012000000000000000279500000000053016520005000000001113347
00600012000000000000000279510000000006818170005000000000143182
00600012000000000000000279520000000044776840005000000000940314
00600012000000000000000279530000000007024790005000000000147521
00600012000000000000000279540000000003512400005000000000073760
00600012000000000000000279550000000011793390005000000000247661
00600012000000000000000279560000000021427690005000000000449982
00600012000000000000000279570000000007549590005000000000158541
00600012000000000000000279580000000013834710005000000000290529
00600012000000000000000279590000000005950410005000000000124959
00600012000000000000000279600000000002190090005000000000045992
00600012000000000000000279610000000011570250005000000000242975
00600012000000000000000279620000000032107440005000000000674256
00600012000000000000000279630000000033192170005000000000697036
00600012000000000000000279640000000011900830005000000000249917
00600012000000000000000279650000000005950410005000000000124959
00600012000000000000000279660000000006322310005000000000132769
00600012000000000000000279670000000016024790005000000000336521
00600012000000000000000279680000000023814060005000000000500095
00600012000000000000000279690000000004462810005000000000093719
00600012000000000000000279700000000041466940005000000000870806
00600012000000000000000279710000000004462810005000000000093719
00600012000000000000000279720000000007396690005000000000155330
00600012000000000000000279730000000007024790005000000000147521
00600012000000000000000279740000000003867770005000000000081223
00600012000000000000000279750000000007024790005000000000147521
00600012000000000000000279760000000014876030005000000000312397
00600012000000000000000279770000000004462810005000000000093719
00600012000000000000000279780000000004462810005000000000093719
00600012000000000000000279790000000051280980005000000001076901
00600012000000000000000279800000000004462810005000000000093719
00600012000000000000000279810000000015314040005000000000321595
00600012000000000000000279820000000006743800005000000000141620
00600012000000000000000279830000000014876030005000000000312397
00600012000000000000000279840000000007103310005000000000149169
00600012000000000000000279850000000007289260005000000000153074
00600012000000000000000279860000000012272730005000000000257727
00600012000000000000000279870000000027974570005000000000587466
00600012000000000000000279880000000004462810005000000000093719
00600012000000000000000279890000000004462810005000000000093719
00600012000000000000000279900000000004462810005000000000093719
00600012000000000000000279910000000016923550005000000000355395
00600012000000000000000279920000000008595040005000000000180496
00600012000000000000000279930000000004462810005000000000093719
00600012000000000000000279940000000028512390005000000000598760
00600012000000000000000279950000000036859490005000000000774049
00600012000000000000000279960000000041024890005000000000861523
00600012000000000000000279970000000004462810005000000000093719
00600012000000000000000279980000000004462810005000000000093719
00600012000000000000000279990000000014876030005000000000312397
00600012000000000000000280000000000014876030005000000000312397
00600012000000000000000280010000000014876030005000000000312397
00600012000000000000000280020000000004462810005000000000093719
00600012000000000000000280030000000116510300005000000002446716
00600012000000000000000280040000000028512390005000000000598760
00600012000000000000000280050000000014876030005000000000312397
00600012000000000000000280060000000004462810005000000000093719
00600012000000000000000280070000000007644630005000000000160537
00600012000000000000000280080000000004648760005000000000097624
00600012000000000000000280090000000019198230005000000000403163
00600012000000000000000280100000000004462810005000000000093719
00600012000000000000000280110000000028460730005000000000597675
00600012000000000000000280120000000000842980005000000000017703
00600012000000000000000280130000000015520660005000000000325934
00600012000000000000000280140000000008181820005000000000171818
00600012000000000000000280150000000004462810005000000000093719
00600012000000000000000280160000000016824370005000000000353312
00600012000000000000000280170000000010167380005000000000213515
00600012000000000000000280180000000014876030005000000000312397
00600012000000000000000280190000000019683880005000000000413362
00600012000000000000000280200000000004876030005000000000102397
00600012000000000000000280210000000014876030005000000000312397
00600012000000000000000280220000000014876030005000000000312397
00600012000000000000000280230000000026516490005000000000556846
00600012000000000000000280240000000014876030005000000000312397
00600012000000000000000280250000000013338840005000000000280116
00600012000000000000000280260000000020495880005000000000430414
00600012000000000000000280270000000004462810005000000000093719
00600012000000000000000280280000000014876030005000000000312397
00600012000000000000000280290000000025570250005000000000536975
00600012000000000000000280300000000071801860005000000001507839
00600012000000000000000280310000000029152900005000000000612211
00600012000000000000000280320000000011064060005000000000232345
00600012000000000000000280330000000026925620005000000000565438
00600012000000000000000280340000000041727270005000000000876273
00600012000000000000000280350000000014876030005000000000312397
00600012000000000000000280360000000011975210005000000000251479
00600012000000000000000280370000000005702490005000000000119752
00600012000000000000000280380000000011322310005000000000237769
00600012000000000000000280390000000009834710005000000000206529
00600012000000000000000280400000000001355370005000000000028463
00600012000000000000000280410000000027105370005000000000569213
00600012000000000000000280420000000059107450005000000001241256
00600012000000000000000280430000000034008260005000000000714173
00600012000000000000000280440000000016890520005000000000354701
00600012000000000000000280450000000011280990005000000000236901
00600012000000000000000280460000000040471070005000000000849892
00600012000000000000000280470000000027669440005000000000581058
00600012000000000000000280480000000022373960005000000000469853
00600012000000000000000280490000000032561950005000000000683801
00600012000000000000000280500000000009061980005000000000190302
00600012000000000000000280510000000024376050005000000000511897
00600012000000000000000280520000000025880170005000000000543483
00600012000000000000000280530000000046258250005000000000971423
00600012000000000000000280540000000005935950005000000000124655
00600012000000000000000280550000000048330610005000000001014943
00600012000000000000000280560000000071446280005000000001500372
00600012000000000000000280570000000025826450005000000000542355
00600012000000000000000280580000000053818200005000000001130182
00600012000000000000000280590000000006363640005000000000133636
00600012000000000000000280600000000008636360005000000000181364
00600012000000000000000280610000000021913220005000000000460178
00600012000000000000000280620000000014876030005000000000312397
00600012000000000000000280630000000019504130005000000000409587
00600012000000000000000280640000000025165290005000000000528471
00600012000000000000000280650000000032107480005000000000674257
00600012000000000000000280660000000060359420005000000001267548
00600012000000000000000280670000000012293370005000000000258161
00600012000000000000000280680000000008758260005000000000183924
00600012000000000000000280690000000089462800005000000001878719
00600012000000000000000280700000000131818160005000000002768181
00600012000000000000000280710000000012066120005000000000253388
00600012000000000000000280720000000010413220005000000000218678
00600012000000000000000280730000000040369910005000000000847768
00600012000000000000000280740000000010010340005000000000210217
00600012000000000000000280750000000004462810005000000000093719
00600012000000000000000280760000000004462810005000000000093719
00600012000000000000000280770000000042227270005000000000886773
00600012000000000000000280780000000025165290005000000000528471
00600012000000000000000280790000000040859500005000000000858049
00600012000000000000000280800000000006611570005000000000138843
00600012000000000000000280810000000071173510005000000001494644
00600012000000000000000280820000000020123960005000000000422603
00600012000000000000000280830000000012925620005000000000271438
00600012000000000000000280840000000018264460005000000000383554
00600012000000000000000280850000000004710740005000000000098926
00600012000000000000000280860000000024473130005000000000513936
00600012000000000000000280870000000029512420005000000000619761
00600012000000000000000280880000000017851240005000000000374876
00600012000000000000000280890000000006146690005000000000129080
00600012000000000000000280900000000004462810005000000000093719
00600012000000000000000280910000000004462810005000000000093719
00600012000000000000000280920000000018074370005000000000379562
00600012000000000000000280930000000004462810005000000000093719
00600012000000000000000280940000000033613640005000000000705886
00600012000000000000000280950000000009940080005000000000208742
00600012000000000000000280960000000009729340005000000000204316
00600012000000000000000280970000000017851240005000000000374876
00600012000000000000000280980000000014876030005000000000312397
00600012000000000000000280990000000013223140005000000000277686
00600012000000000000000281000000000076875980005000000001614396
00600012000000000000000281010000000015190080005000000000318992
00600012000000000000000281020000000006673550005000000000140145
00600012000000000000000281030000000012012390005000000000252260
00600012000000000000000281040000000014962780005000000000314218
00600012000000000000000281050000000013264460005000000000278554
00600012000000000000000281060000000014049590005000000000295041
00600012000000000000000281070000000020221080005000000000424643
00600012000000000000000281080000000014464880005000000000303763
00600012000000000000000281090000000035896790005000000000753832
00600012000000000000000281100000000031225210005000000000655729
00600012000000000000000281110000000068421750005000000001436857
00600012000000000000000281120000000026514520005000000000556805
00600012000000000000000281130000000008745880005000000000183663
00600012000000000000000281140000000005409090005000000000113591
00600012000000000000000281150000000037783040005000000000793444
00600012000000000000000281160000000021004160005000000000441087
00600012000000000000000281170000000005495880005000000000115413
00600012000000000000000281180000000006363640005000000000133636
00600012000000000000000281190000000004462810005000000000093719
00600012000000000000000281200000000037512390005000000000787760
00600012000000000000000281210000000021869840005000000000459267
00600012000000000000000281220000000004462810005000000000093719
00800012000000000000000008710000000028512390005000000000598760
00800012000000000000000008720000000014876030005000000000312397
00800012000000000000000008730000000016923550005000000000355395
00800012000000000000000008740000000008758260005000000000183924
00100013000000000000000012310000000012561980005000000000263802
00100013000000000000000012320000000113289380005000000002379077
00100013000000000000000012330000000079302300005000000001665348
00100013000000000000000012340000000053145280005000000001116051
00100013000000000000000012350000000008223140005000000000172686
00100013000000000000000012360000000072987750005000000001532743
00100013000000000000000012370000000056859500005000000001194050
00100013000000000000000012380000000047603310005000000000999669
00100013000000000000000012390000000068032580005000000001428684
00100013000000000000000012400000000013595040005000000000285496
00100013000000000000000012410000000025078540005000000000526649
00100013000000000000000012420000000056404930005000000001184504
00100013000000000000000012430000000191685930005000000004025404
00300013000000000000000000610000000079302300005000000001665348
00600013000000000000000313380000000039892570005000000000837744
00600013000000000000000313390000000024338830005000000000511116
00600013000000000000000313400000000004049590005000000000085041
00600013000000000000000313410000000029983520005000000000629654
00600013000000000000000313420000000006652900005000000000139711
00600013000000000000000313430000000018909110005000000000397091
00600013000000000000000313440000000023272730005000000000488727
00600013000000000000000313450000000034743810005000000000729620
00600013000000000000000313460000000010909090005000000000229091
00600013000000000000000313470000000022297520005000000000468248
00600013000000000000000313480000000005950410005000000000124959
00600013000000000000000313490000000014718620005000000000309091
00600013000000000000000313500000000041487600005000000000871240
00600013000000000000000313510000000008016530005000000000168347
00600013000000000000000313520000000052396670005000000001100330
00600013000000000000000313530000000036000040005000000000756001
00600013000000000000000313540000000016033060005000000000336694
00600013000000000000000313550000000009421490005000000000197851
00600013000000000000000313560000000003801650005000000000079835
00600013000000000000000313570000000010413200005000000000218677
00600013000000000000000313580000000010082660005000000000211736
00600013000000000000000313590000000031983510005000000000671654
00600013000000000000000313600000000003793390005000000000079661
00600013000000000000000313610000000037983490005000000000797653
00600013000000000000000313620000000010909100005000000000229091
00600013000000000000000313630000000012396690005000000000260330
00600013000000000000000313640000000011900800005000000000249917
00600013000000000000000313650000000021322310005000000000447769
00600013000000000000000313660000000016000000005000000000336000
00600013000000000000000313670000000015867770005000000000333223
00600013000000000000000313680000000012396690005000000000260330
00600013000000000000000313690000000049157080005000000001032299
00600013000000000000000313700000000025123970005000000000527603
00600013000000000000000313710000000012991770005000000000272827
00600013000000000000000313720000000005090920005000000000106909
00600013000000000000000313730000000005578500005000000000117148
00600013000000000000000313740000000017479320005000000000367066
00600013000000000000000313750000000003016530005000000000063347
00600013000000000000000313760000000012750000005000000000267750
00600013000000000000000313770000000033347080005000000000700289
00600013000000000000000313780000000006735530005000000000141446
00600013000000000000000313790000000171328300005000000003597894
00600013000000000000000313800000000014876030005000000000312397
00600013000000000000000313810000000002107440005000000000044256
00600013000000000000000313820000000017510350005000000000367717
00600013000000000000000313830000000030000010005000000000630000
00600013000000000000000313840000000026586770005000000000558322
00600013000000000000000313850000000034256180005000000000719380
00600013000000000000000313860000000005454550005000000000114545
00600013000000000000000313870000000007768590005000000000163140
00600013000000000000000313880000000021322310005000000000447769
00600013000000000000000313890000000018843030005000000000395704
00600013000000000000000313900000000012750000005000000000267750
00600013000000000000000313910000000171328300005000000003597894
00600013000000000000000313920000000000867770005000000000018223
00600013000000000000000313930000000001983470005000000000041653
00600013000000000000000313940000000014669420005000000000308058
00600013000000000000000313950000000021074380005000000000442562
00600013000000000000000313960000000008144630005000000000171037
00600013000000000000000313970000000008144630005000000000171037
00600013000000000000000313980000000009338840005000000000196116
00600013000000000000000313990000000037752050005000000000792793
00600013000000000000000314000000000003099170005000000000065083
00600013000000000000000314010000000012975200005000000000272479
00600013000000000000000314020000000003719010005000000000078099
00600013000000000000000314030000000044628110005000000000937190
00600013000000000000000314040000000004297520005000000000090248
00600013000000000000000314050000000010991740005000000000230826
00600013000000000000000314060000000055492030005000000001165333
00600013000000000000000314070000000012750000005000000000267750
00600013000000000000000314080000000012750000005000000000267750
00600013000000000000000314090000000007206610005000000000151339
00600013000000000000000314100000000010661160005000000000223884
00600013000000000000000314110000000017487600005000000000367240
00600013000000000000000314120000000019272700005000000000404727
00600013000000000000000314130000000014876050005000000000312397
00600013000000000000000314140000000007768590005000000000163140
00600013000000000000000314150000000004834710005000000000101529
00600013000000000000000314160000000016652900005000000000349711
00600013000000000000000314170000000012975200005000000000272479
00600013000000000000000314180000000015206610005000000000319339
00600013000000000000000314190000000008388430005000000000176157
00600013000000000000000314200000000013884300005000000000291570
00600013000000000000000314210000000005495870005000000000115413
00600013000000000000000314220000000014140490005000000000296950
00600013000000000000000314230000000026586780005000000000558322
00600013000000000000000314240000000012750020005000000000267750
00600013000000000000000314250000000017438020005000000000366198
00600013000000000000000314260000000096177610005000000002019730
00600013000000000000000314270000000043396690005000000000911330
00600013000000000000000314280000000016198340005000000000340165
00600013000000000000000314290000000007851240005000000000164876
00600013000000000000000314300000000007190080005000000000150992
00600013000000000000000314310000000017438010005000000000366198
00600013000000000000000314320000000031518600005000000000661890
00600013000000000000000314330000000024446300005000000000513372
00600013000000000000000314340000000011942150005000000000250785
00600013000000000000000314350000000040323970005000000000846803
00600013000000000000000314360000000027355410005000000000574464
00600013000000000000000314370000000029415300005000000000617721
00600013000000000000000314380000000025165290005000000000528471
00600013000000000000000314390000000015386810005000000000323123
00600013000000000000000314400000000024907070005000000000523048
00600013000000000000000314410000000031570270005000000000662976
00600013000000000000000314420000000043237710005000000000907992
00600013000000000000000314430000000012851200005000000000269875
00600013000000000000000314440000000028413210005000000000596677
00600013000000000000000314450000000012975200005000000000272479
00600013000000000000000314460000000017752070005000000000372793
00600013000000000000000314470000000010082640005000000000211736
00600013000000000000000314480000000019132230005000000000401777
00600013000000000000000314490000000014876030005000000000312397
00600013000000000000000314500000000009342950005000000000196202
00600013000000000000000314510000000007340910005000000000154159
00600013000000000000000314520000000035008230005000000000735173
00600013000000000000000314530000000069669420005000000001463058
00600013000000000000000314540000000058264460005000000001223554
00600013000000000000000314550000000009123970005000000000191603
00600013000000000000000314560000000010495900005000000000220414
00600013000000000000000314570000000069297510005000000001455248
00600013000000000000000314580000000070599190005000000001482583
00600013000000000000000314590000000004115700005000000000086430
00600013000000000000000314600000000014876030005000000000312397
00600013000000000000000314610000000088543400005000000001859411
00600013000000000000000314620000000055401260005000000001163426
00600013000000000000000314630000000018123970005000000000380603
00600013000000000000000314640000000032154960005000000000675254
00600013000000000000000314650000000025165290005000000000528471
00600013000000000000000314660000000118264500005000000002483554
00600013000000000000000314670000000085803720005000000001801878
00600013000000000000000314680000000027958700005000000000587133
00600013000000000000000314690000000163617760005000000003435973
00600013000000000000000314700000000008719010005000000000183099
00600013000000000000000314710000000009623970005000000000202103
00600013000000000000000314720000000034632230005000000000727277
00600013000000000000000314730000000036202400005000000000760250
00600013000000000000000314740000000009297520005000000000195248
00600013000000000000000314750000000026074370005000000000547562
00600013000000000000000314760000000003884300005000000000081570
00600013000000000000000314770000000068636360005000000001441364
00600013000000000000000314780000000014506200005000000000304630
00600013000000000000000314790000000014154960005000000000297254
00600013000000000000000314800000000014681820005000000000308318
00600013000000000000000314810000000012826460005000000000269356
00600013000000000000000314820000000003719010005000000000078099
00600013000000000000000314830000000061853430005000000001298922
00600013000000000000000314840000000034572310005000000000726019
00600013000000000000000314850000000024338810005000000000511115
00600013000000000000000314860000000009342980005000000000196202
00600013000000000000000314870000000013365620005000000000280678
00600013000000000000000314880000000008429750005000000000177025
00600013000000000000000314890000000009659090005000000000202841
00600013000000000000000314900000000057962840005000000001217220
00600013000000000000000314910000000007851240005000000000164876
00600013000000000000000314920000000030239660005000000000635033
00600013000000000000000314930000000026758260005000000000561923
00600013000000000000000314940000000025165290005000000000528471
00600013000000000000000314950000000017035120005000000000357738
00600013000000000000000314960000000004008260005000000000084174
00600013000000000000000314970000000046280990005000000000971901
00600013000000000000000314980000000031446310005000000000660373
00600013000000000000000314990000000003495870005000000000073413
00600013000000000000000315000000000023396690005000000000491331
00600013000000000000000315010000000011239670005000000000236033
00600013000000000000000315020000000007969010005000000000167349
00600013000000000000000315030000000034791380005000000000730619
00600013000000000000000315040000000039305770005000000000825421
00600013000000000000000315050000000004297520005000000000090248
00600013000000000000000315060000000018685890005000000000392404
00600013000000000000000315070000000036072310005000000000757519
00600013000000000000000315080000000015267160005000000000320610
00600013000000000000000315090000000022163240005000000000465428
00600013000000000000000315100000000036869860005000000000774267
00600013000000000000000315110000000016694210005000000000350579
00600013000000000000000315120000000046012430005000000000966261
00600013000000000000000315130000000013382230005000000000281027
00600013000000000000000315140000000013801700005000000000289836
00600013000000000000000315150000000005661160005000000000118884
00600013000000000000000315160000000048235520005000000001012946
00600013000000000000000315170000000005082640005000000000106735
00600013000000000000000315180000000008636360005000000000181364
00600013000000000000000315190000000033586770005000000000705322
00600013000000000000000315200000000057975200005000000001217479
00600013000000000000000315210000000043502480005000000000913552
00800013000000000000000007900000000012396690005000000000260330
00800013000000000000000007910000000008144630005000000000171037
00800013000000000000000007920000000019272700005000000000404727
00800013000000000000000007930000000027438000005000000000576198
00800013000000000000000007940000000008719010005000000000183099
00600015000000000000000116730000000010851240005000000000227876
00600015000000000000000116740000000042781600005000000000898414
00600015000000000000000116750000000027223100005000000000571685
00600015000000000000000116760000000009752060005000000000204793
00600015000000000000000116770000000015247900005000000000320206
00600015000000000000000116780000000008793360005000000000184661
00600015000000000000000116790000000014876030005000000000312397
00600015000000000000000116800000000014876030005000000000312397
00600015000000000000000116810000000009917360005000000000208264
00600015000000000000000116820000000002900830005000000000060917
00600015000000000000000116830000000009917360005000000000208264
00600015000000000000000116840000000039080580005000000000820692
00600015000000000000000116850000000076991790005000000001616828
00600015000000000000000116860000000223586980005000000004695327
00600015000000000000000116870000000084049590005000000001765041
00600015000000000000000116880000000038512400005000000000808760
00600015000000000000000116890000000038314050005000000000804595
00600015000000000000000116900000000027966980005000000000587307
00600015000000000000000116910000000030512420005000000000640761
00600015000000000000000116920000000005165290005000000000108471
00600015000000000000000116930000000014628080005000000000307190
00600015000000000000000116940000000022190070005000000000465992
00600015000000000000000116950000000004462810005000000000093719
00600015000000000000000116960000000070698060005000000001484659
00600015000000000000000116970000000029586780005000000000621322
00600015000000000000000116980000000003966940005000000000083306
00600015000000000000000116990000000012000000005000000000252000
00600015000000000000000117000000000007024790005000000000147521
00600015000000000000000117010000000013719010005000000000288099
00600015000000000000000117020000000004462810005000000000093719
00600015000000000000000117030000000007345040005000000000154246
00600015000000000000000117040000000015640490005000000000328450
00600015000000000000000117050000000007024790005000000000147521
00600015000000000000000117060000000007024790005000000000147521
00600015000000000000000117070000000013471070005000000000282893
00600015000000000000000117080000000004462810005000000000093719
00600015000000000000000117090000000008884300005000000000186570
00600015000000000000000117100000000013016530005000000000273347
00600015000000000000000117110000000012960740005000000000272176
00600015000000000000000117120000000004462810005000000000093719
00600015000000000000000117130000000009917360005000000000208264
00600015000000000000000117140000000009917360005000000000208264
00600015000000000000000117150000000004462810005000000000093719
00600015000000000000000117160000000004462810005000000000093719
00600015000000000000000117170000000011570250005000000000242975
00600015000000000000000117180000000013425660005000000000281939
00600015000000000000000117190000000004388430005000000000092157
00600015000000000000000117200000000009917360005000000000208264
00600015000000000000000117210000000009917360005000000000208264
00600015000000000000000117220000000009917360005000000000208264
00600015000000000000000117230000000009917360005000000000208264
00600015000000000000000117240000000004462810005000000000093719
00600015000000000000000117250000000019896690005000000000417831
00600015000000000000000117260000000014628100005000000000307190
00600015000000000000000117270000000036221070005000000000760642
00600015000000000000000117280000000008223140005000000000172686
00600015000000000000000117290000000009917390005000000000208265
00600015000000000000000117300000000027438000005000000000576198
00600015000000000000000117310000000006657020005000000000139797
00600015000000000000000117320000000005578510005000000000117149
00600015000000000000000117330000000012314050005000000000258595
00600015000000000000000117340000000009917360005000000000208264
00600015000000000000000117350000000004462810005000000000093719
00600015000000000000000117360000000014876030005000000000312397
00600015000000000000000117370000000004462810005000000000093719
00600015000000000000000117380000000011863640005000000000249136
00600015000000000000000117390000000064131210005000000001346755
00600015000000000000000117400000000004462810005000000000093719
00600015000000000000000117410000000014876030005000000000312397
00600015000000000000000117420000000004462810005000000000093719
00600015000000000000000117430000000004462810005000000000093719
00600015000000000000000117440000000004462810005000000000093719
00600015000000000000000117450000000008367770005000000000175723
00600015000000000000000117460000000030376030005000000000637897
00600015000000000000000117470000000054692120005000000001148535
00600015000000000000000117480000000015495870005000000000325413
00600015000000000000000117490000000001652890005000000000034711
00600015000000000000000117500000000012396690005000000000260331
00600015000000000000000117510000000010537200005000000000221281
00600015000000000000000117520000000003719010005000000000078099
00600015000000000000000117530000000014876030005000000000312397
00600015000000000000000117540000000014876030005000000000312397
00600015000000000000000117550000000010991700005000000000230826
00600015000000000000000117560000000007024790005000000000147521
00600015000000000000000117570000000009917360005000000000208264
00600015000000000000000117580000000009917360005000000000208264
00600015000000000000000117590000000004462810005000000000093719
00600015000000000000000117600000000009917360005000000000208264
00600015000000000000000117610000000046033040005000000000966694
00600015000000000000000117620000000047342990005000000000994203
00600015000000000000000117630000000004462810005000000000093719
00600015000000000000000117640000000026330580005000000000552942
00600015000000000000000117650000000022537190005000000000473281
00600015000000000000000117660000000012750000005000000000267750
00600015000000000000000117670000000009917360005000000000208264
00600015000000000000000117680000000009917360005000000000208264
00600015000000000000000117690000000009917360005000000000208264
00600015000000000000000117700000000009917360005000000000208264
00600015000000000000000117710000000009917360005000000000208264
00600015000000000000000117720000000009917360005000000000208264
00600015000000000000000117730000000010909090005000000000229091
00600015000000000000000117740000000005165290005000000000108471
00600015000000000000000117750000000009917360005000000000208264
00600015000000000000000117760000000014876030005000000000312397
00600015000000000000000117770000000021983490005000000000461653
00600015000000000000000117780000000005950410005000000000124959
00600015000000000000000117790000000004462810005000000000093719
00600015000000000000000117800000000015000000005000000000315000
00600015000000000000000117810000000014793370005000000000310661
00600015000000000000000117820000000004876030005000000000102397
00600015000000000000000117830000000004462810005000000000093719
00600015000000000000000117840000000022293400005000000000468161
00600015000000000000000117850000000004462810005000000000093719
00600015000000000000000117860000000018929750005000000000397525
00600015000000000000000117870000000004462810005000000000093719
00600015000000000000000117880000000007933880005000000000166611
00600015000000000000000117890000000014876030005000000000312397
00600015000000000000000117900000000008429750005000000000177025
00600015000000000000000117910000000028016530005000000000588347
00600015000000000000000117920000000088889130005000000001866672
00600015000000000000000117930000000007024790005000000000147521
00600015000000000000000117940000000007024790005000000000147521
00600015000000000000000117950000000011900800005000000000249917
00600015000000000000000117960000000007024790005000000000147521
00600015000000000000000117970000000042314040005000000000888595
00600015000000000000000117980000000005578510005000000000117149
00600015000000000000000117990000000004462810005000000000093719
00600015000000000000000118000000000023913190005000000000502177
00600015000000000000000118010000000045888390005000000000963656
00600015000000000000000118020000000004628100005000000000097190
00600015000000000000000118030000000004090910005000000000085909
00600015000000000000000118040000000019876030005000000000417397
00600015000000000000000118050000000012750000005000000000267750
00600015000000000000000118060000000009061980005000000000190302
00600015000000000000000118070000000004462810005000000000093719
00600015000000000000000118080000000017219010005000000000361599
00600015000000000000000118090000000004462810005000000000093719
00600015000000000000000118100000000031909130005000000000670092
00600015000000000000000118110000000004876030005000000000102397
00600015000000000000000118120000000004958680005000000000104132
00600015000000000000000118130000000004958680005000000000104132
00600015000000000000000118140000000014913220005000000000313178
00600015000000000000000118150000000003801650005000000000079835
00600015000000000000000118160000000023148720005000000000486123
00600015000000000000000118170000000004958680005000000000104132
00600015000000000000000118180000000004958680005000000000104132
00600015000000000000000118190000000037097100005000000000779039
00600015000000000000000118200000000007561980005000000000158802
00600015000000000000000118210000000002107430005000000000044256
00600015000000000000000118220000000004958680005000000000104132
00600015000000000000000118230000000004958680005000000000104132
00600015000000000000000118240000000008181820005000000000171818
00600015000000000000000118250000000034607430005000000000726756
00600015000000000000000118260000000002107440005000000000044256
00600015000000000000000118270000000004462810005000000000093719
00600015000000000000000118280000000002107440005000000000044256
00600015000000000000000118290000000004462810005000000000093719
00600015000000000000000118300000000004462810005000000000093719
00600015000000000000000118310000000033070260005000000000694476
00600015000000000000000118320000000023111580005000000000485343
00600015000000000000000118330000000044685960005000000000938405
00600015000000000000000118340000000008719010005000000000183099
00600015000000000000000118350000000004462810005000000000093719
00600015000000000000000118360000000003904960005000000000082004
00600015000000000000000118370000000011198350005000000000235165
00600015000000000000000118380000000014822310005000000000311269
00600015000000000000000118390000000007024790005000000000147521
00600015000000000000000118400000000026307840005000000000552465
00600015000000000000000118410000000007024790005000000000147521
00600015000000000000000118420000000014876030005000000000312397
00600015000000000000000118430000000019442150005000000000408285
00600015000000000000000118440000000004462810005000000000093719
00600015000000000000000118450000000004462810005000000000093719
00600015000000000000000118460000000017107440005000000000359256
00600015000000000000000118470000000020305780005000000000426421
00600015000000000000000118480000000008636360005000000000181364
00600015000000000000000118490000000024256210005000000000509380
00600015000000000000000118500000000004462810005000000000093719
00600015000000000000000118510000000004462810005000000000093719
00600015000000000000000118520000000008553720005000000000179628
00600015000000000000000118530000000004462810005000000000093719
00600015000000000000000118540000000014876030005000000000312397
00600015000000000000000118550000000030330600005000000000636943
00600015000000000000000118560000000028301650005000000000594335
00600015000000000000000118570000000004462810005000000000093719
00600015000000000000000118580000000010958670005000000000230132
00600015000000000000000118590000000015471080005000000000324893
00600015000000000000000118600000000007396690005000000000155330
00600015000000000000000118610000000011157020005000000000234298
00600015000000000000000118620000000004462810005000000000093719
00600015000000000000000118630000000004462810005000000000093719
00600015000000000000000118640000000004462810005000000000093719
00600015000000000000000118650000000024132220005000000000506777
00600015000000000000000118660000000014793370005000000000310661
00600015000000000000000118670000000017035120005000000000357738
00600015000000000000000118680000000002231400005000000000046859
00600015000000000000000118690000000010743800005000000000225620
00600015000000000000000118700000000012396690005000000000260330
00600015000000000000000118710000000004462810005000000000093719
00600015000000000000000118720000000015446280005000000000324372
00600015000000000000000118730000000004462810005000000000093719
00600015000000000000000118740000000009752070005000000000204793
00600015000000000000000118750000000013997930005000000000293956
00600015000000000000000118760000000004462810005000000000093719
00600015000000000000000118770000000014892550005000000000312744
00600015000000000000000118780000000013611580005000000000285843
00600015000000000000000118790000000004797520005000000000100748
00600015000000000000000118800000000011278930005000000000236857
00600015000000000000000118810000000041805750005000000000877921
00600015000000000000000118820000000013797520005000000000289748
00600015000000000000000118830000000006611570005000000000138843
00600015000000000000000118840000000007933880005000000000166611
00600015000000000000000118850000000014297500005000000000300248
00600015000000000000000118860000000014876030005000000000312397
00600015000000000000000118870000000011301660005000000000237335
00600015000000000000000118880000000008016530005000000000168347
00600015000000000000000118890000000125838840005000000002642616
00600015000000000000000118900000000038842980005000000000815702
00600015000000000000000118910000000186376030005000000003913897
00600015000000000000000118920000000034421490005000000000722851
00600015000000000000000118930000000053181810005000000001116818
00600015000000000000000118940000000056074380005000000001177562
00600015000000000000000118950000000004462810005000000000093719
00600015000000000000000118960000000014793370005000000000310661
00600015000000000000000118970000000006033060005000000000126694
00600015000000000000000118980000000034545450005000000000725455
00600015000000000000000118990000000030995870005000000000650913
00600015000000000000000119000000000054652950005000000001147712
00600015000000000000000119010000000004462810005000000000093719
00600015000000000000000119020000000032243820005000000000677120
00600015000000000000000119030000000043413220005000000000911678
00600015000000000000000119040000000019524790005000000000410021
00600015000000000000000119050000000022628140005000000000475191
00600015000000000000000119060000000016173550005000000000339645
00600015000000000000000119070000000009917360005000000000208264
00600015000000000000000119080000000004462810005000000000093719
00600015000000000000000119090000000041735570005000000000876447
00600015000000000000000119100000000026900800005000000000564917
00600015000000000000000119110000000004462810005000000000093719
00600015000000000000000119120000000004462810005000000000093719
00600015000000000000000119130000000004462810005000000000093719
00600015000000000000000119140000000004462810005000000000093719
00600015000000000000000119150000000004462810005000000000093719
00600015000000000000000119160000000005950410005000000000124959
00600015000000000000000119170000000059823990005000000001256304
00600015000000000000000119180000000003719010005000000000078099
00600015000000000000000119190000000026776860005000000000562314
00600015000000000000000119200000000004876030005000000000102397
00600015000000000000000119210000000028247920005000000000593206
00600015000000000000000119220000000004462810005000000000093719
00600015000000000000000119230000000086797500005000000001822747
00600015000000000000000119240000000004876030005000000000102397
00600015000000000000000119250000000004462810005000000000093719
00600015000000000000000119260000000032154960005000000000675254
00600015000000000000000119270000000072946280005000000001531872
00600015000000000000000119280000000031997960005000000000671957
00600015000000000000000119290000000004462810005000000000093719
00600015000000000000000119300000000007847110005000000000164789
00600015000000000000000119310000000004462810005000000000093719
00600015000000000000000119320000000007561980005000000000158802
00600015000000000000000119330000000016772700005000000000352227
00600015000000000000000119340000000004462810005000000000093719
00600015000000000000000119350000000040950410005000000000859959
00600015000000000000000119360000000014892550005000000000312744
00600015000000000000000119370000000004462810005000000000093719
