01900002000000000000000014300000000144416360003000000000000000
01900002000000000000000014310000000186165070003000000000000000
01900002000000000000000014320000000074867870003000000000000000
01900002000000000000000014330000000074846190003000000000000000
00100010000000000000000097930000000008006690005000000000168141
00100010000000000000000097940000000038562810005000000000809819
00100010000000000000000097950000000005603310005000000000117669
00100010000000000000000097960000000062826450005000000001319355
00100010000000000000000097970000000201479340005000000004231066
00100010000000000000000097980000000168192150005000000003532035
00100010000000000000000097990000000019658680005000000000412832
00100010000000000000000098000000000109303390005000000002295371
00100010000000000000000098010000000088750410005000000001863759
00100010000000000000000098020000000130577110005000000002742119
00100010000000000000000098030000000003352070005000000000070393
00100010000000000000000098040000000025421490005000000000533851
00100010000000000000000098050000000003884300005000000000081570
00100010000000000000000098060000000003504130005000000000073587
00100010000000000000000098070000000208542980005000000004379402
00100010000000000000000098080000000059924380005000000001258412
00100010000000000000000098090000000021723470005000000000456193
00100010000000000000000098100000000024137190005000000000506881
00100010000000000000000098110000000006580170005000000000138183
00100010000000000000000098120000000075291740005000000001581127
00100010000000000000000098130000000008320810005000000000174737
00100010000000000000000098140000000093710040005000000001967911
00100010000000000000000098150000000078798970005000000001654778
00100010000000000000000098160000000103457360005000000002172604
00100010000000000000000098170000000047434840005000000000996132
00100010000000000000000098180000000153926280005000000003232452
00100010000000000000000098190000000014462810005000000000303719
00100010000000000000000098200000000039795040005000000000835696
00100010000000000000000098210000000003387200005000000000071131
00100010000000000000000098220000000010760330005000000000225967
00100010000000000000000098230000000102585790005000000002154301
00100010000000000000000098240000000026029260005000000000546614
00100010000000000000000098250000000112081940005000000002353721
00100010000000000000000098260000000110254170005000000002315338
00100010000000000000000098270000000094219590005000000001978611
00100010000000000000000098280000000010967850005000000000230325
00100010000000000000000098290000000002289640005000000000048083
00100010000000000000000098300000000002901450005000000000060930
00100010000000000000000098310000000031001650005000000000651035
00100010000000000000000098320000000020680990005000000000434301
00100010000000000000000098330000000005062810005000000000106319
00100010000000000000000098340000000003689300005000000000077475
00100010000000000000000098350000000104132230005000000002186777
00100010000000000000000098360000000069421490005000000001457851
00100010000000000000000098370000000009551250005000000000200576
00100010000000000000000098380000000043178510005000000000906749
00100010000000000000000098390000000027687610005000000000581440
00100010000000000000000098400000000086051160005000000001807074
00100010000000000000000098410000000075108100005000000001577270
00100010000000000000000098420000000076574710005000000001608069
00100010000000000000000098430000000096758680005000000002031932
00100010000000000000000098440000000056388430005000000001184157
00100010000000000000000098450000000020309920005000000000426508
00100010000000000000000098460000000102373550005000000002149845
00100010000000000000000098470000000190654550005000000004003745
00100010000000000000000098480000000067733060005000000001422394
00100010000000000000000098490000000070433880005000000001479112
00100010000000000000000098500000000125253720005000000002630328
00100010000000000000000098510000000169595040005000000003561496
00100010000000000000000098520000000126212400005000000002650460
00100010000000000000000098530000000116245450005000000002441155
00100010000000000000000098540000000072195870005000000001516113
00100010000000000000000098550000000066847930005000000001403807
00100010000000000000000098560000000092140500005000000001934950
00100010000000000000000098570000000089360310005000000001876567
00100010000000000000000098580000000033101650005000000000695135
00100010000000000000000098590000000082072730005000000001723527
00100010000000000000000098600000000005964460005000000000125254
00100010000000000000000098610000000080657360005000000001693804
00100010000000000000000098620000000043915910005000000000922234
00100010000000000000000098630000000005801650005000000000121835
00100010000000000000000098640000000115538840005000000002426316
00100010000000000000000098650000000092466240005000000001941791
00100010000000000000000098660000000054006620005000000001134139
00100010000000000000000098670000000035367770005000000000742723
00100010000000000000000098680000000087844630005000000001844737
00100010000000000000000098690000000078797520005000000001654748
00100010000000000000000098700000000063257020005000000001328398
00100010000000000000000098710000000056346280005000000001183272
00100010000000000000000098720000000099227110005000000002083769
00100010000000000000000098730000000075112810005000000001577369
00100010000000000000000098740000000055228910005000000001159807
00100010000000000000000098750000000100803270005000000002116869
00100010000000000000000098760000000082017240005000000001722362
00100010000000000000000098770000000010150410005000000000213159
00100010000000000000000098780000000191123980005000000004013604
00100010000000000000000098790000000185786300005000000003901512
00100010000000000000000098800000000134524610005000000002825017
00100010000000000000000098810000000203490220005000000004273295
00100010000000000000000098820000000075847030005000000001592788
00100010000000000000000098830000000063870280005000000001341276
00100010000000000000000098840000000035909620005000000000754102
00300010000000000000000006620000000021723470005000000000456193
00300010000000000000000006630000000007711490005000000000161941
00300010000000000000000006640000000000924790005000000000019421
00300010000000000000000006650000000035367770005000000000742723
00300010000000000000000006660000000013413220005000000000281678
00300010000000000000000006670000000062195480005000000001306105
00300010000000000000000006680000000083801450005000000001759831
00300010000000000000000006690000000110341040005000000002317162
00600010000000000000000449570000000009798350005000000000205765
00600010000000000000000449580000000004462810005000000000093719
00600010000000000000000449590000000006069420005000000000127458
00600010000000000000000449600000000005524790005000000000116021
00600010000000000000000449610000000009983470005000000000209653
00600010000000000000000449620000000011045450005000000000231955
00600010000000000000000449630000000009736360005000000000204464
00600010000000000000000449640000000009917360005000000000208264
00600010000000000000000449650000000023553720005000000000494628
00600010000000000000000449660000000002330580005000000000048942
00600010000000000000000449670000000006611570005000000000138843
00600010000000000000000449680000000002508260005000000000052674
00600010000000000000000449690000000004958680005000000000104132
00600010000000000000000449700000000006611570005000000000138843
00600010000000000000000449710000000007661160005000000000160884
00600010000000000000000449720000000002925620005000000000061438
00600010000000000000000449730000000012694210005000000000266579
00600010000000000000000449740000000010677690005000000000224231
00600010000000000000000449750000000005471070005000000000114893
00600010000000000000000449760000000009848760005000000000206824
00600010000000000000000449770000000054892560005000000001152744
00600010000000000000000449780000000010652890005000000000223711
00600010000000000000000449790000000007867770005000000000165223
00600010000000000000000449800000000012024960005000000000252524
00600010000000000000000449810000000008528930005000000000179107
00600010000000000000000449820000000023553720005000000000494628
00600010000000000000000449830000000019049590005000000000400041
00600010000000000000000449840000000004958680005000000000104132
00600010000000000000000449850000000037044630005000000000777937
00600010000000000000000449860000000050052890005000000001051111
00600010000000000000000449870000000007961980005000000000167202
00600010000000000000000449880000000004338840005000000000091116
00600010000000000000000449890000000005553720005000000000116628
00600010000000000000000449900000000000669420005000000000014058
00600010000000000000000449910000000010770250005000000000226175
00600010000000000000000449920000000016801190005000000000352825
00600010000000000000000449930000000020589610005000000000432382
00600010000000000000000449940000000004041320005000000000084868
00600010000000000000000449950000000005785120005000000000121488
00600010000000000000000449960000000002165290005000000000045471
00600010000000000000000449970000000012842980005000000000269702
00600010000000000000000449980000000002272730005000000000047727
00600010000000000000000449990000000003867770005000000000081223
00600010000000000000000450000000000005785120005000000000121488
00600010000000000000000450010000000007004130005000000000147087
00600010000000000000000450020000000008211500005000000000172442
00600010000000000000000450030000000002528930005000000000053107
00600010000000000000000450040000000006826450005000000000143355
00600010000000000000000450050000000005834710005000000000122529
00600010000000000000000450060000000004297520005000000000090248
00600010000000000000000450070000000002479340005000000000052066
00600010000000000000000450080000000012784170005000000000268468
00600010000000000000000450090000000004669420005000000000098058
00600010000000000000000450100000000024743800005000000000519620
00600010000000000000000450110000000006611570005000000000138843
00600010000000000000000450120000000005553720005000000000116628
00600010000000000000000450130000000006611570005000000000138843
00600010000000000000000450140000000001983470005000000000041653
00600010000000000000000450150000000008347110005000000000175289
00600010000000000000000450160000000008347110005000000000175289
00600010000000000000000450170000000006611570005000000000138843
00600010000000000000000450180000000001983470005000000000041653
00600010000000000000000450190000000003900830005000000000081917
00600010000000000000000450200000000000876200005000000000018400
00600010000000000000000450210000000003570250005000000000074975
00600010000000000000000450220000000032170250005000000000675575
00600010000000000000000450230000000010651240005000000000223676
00600010000000000000000450240000000002892560005000000000060744
00600010000000000000000450250000000000706610005000000000014839
00600010000000000000000450260000000000351240005000000000007376
00600010000000000000000450270000000000351240005000000000007376
00600010000000000000000450280000000018086900005000000000379825
00600010000000000000000450290000000005785120005000000000121488
00600010000000000000000450300000000007272730005000000000152727
00600010000000000000000450310000000008231410005000000000172860
00600010000000000000000450320000000010561980005000000000221802
00600010000000000000000450330000000012396690005000000000260331
00600010000000000000000450340000000024636360005000000000517364
00600010000000000000000450350000000006185120005000000000129888
00600010000000000000000450360000000008766940005000000000184106
00600010000000000000000450370000000009580170005000000000201183
00600010000000000000000450380000000006611570005000000000138843
00600010000000000000000450390000000005223140005000000000109686
00600010000000000000000450400000000018454550005000000000387545
00600010000000000000000450410000000000925620005000000000019438
00600010000000000000000450420000000025599750005000000000537595
00600010000000000000000450430000000001983470005000000000041653
00600010000000000000000450440000000001289260005000000000027074
00600010000000000000000450450000000009735540005000000000204446
00600010000000000000000450460000000062998350005000000001322965
00600010000000000000000450470000000009862810005000000000207119
00600010000000000000000450480000000003677690005000000000077231
00600010000000000000000450490000000040448980005000000000849429
00600010000000000000000450500000000013285790005000000000279001
00600010000000000000000450510000000006611570005000000000138843
00600010000000000000000450520000000005157020005000000000108298
00600010000000000000000450530000000012242980005000000000257102
00600010000000000000000450540000000004095040005000000000085996
00600010000000000000000450550000000001983470005000000000041653
00600010000000000000000450560000000005970250005000000000125375
00600010000000000000000450570000000001487600005000000000031240
00600010000000000000000450580000000001487600005000000000031240
00600010000000000000000450590000000001586780005000000000033322
00600010000000000000000450600000000025818180005000000000542182
00600010000000000000000450610000000005752070005000000000120793
00600010000000000000000450620000000043636360005000000000916364
00600010000000000000000450630000000004958680005000000000104132
00600010000000000000000450640000000018751240005000000000393776
00600010000000000000000450650000000002264460005000000000047554
00600010000000000000000450660000000003095040005000000000064996
00600010000000000000000450670000000018516360005000000000388844
00600010000000000000000450680000000007433880005000000000156112
00600010000000000000000450690000000001983470005000000000041653
00600010000000000000000450700000000001652890005000000000034711
00600010000000000000000450710000000003867770005000000000081223
00600010000000000000000450720000000002380170005000000000049983
00600010000000000000000450730000000002082640005000000000043736
00600010000000000000000450740000000005504130005000000000115587
00600010000000000000000450750000000001586780005000000000033322
00600010000000000000000450760000000013884300005000000000291570
00600010000000000000000450770000000005081650005000000000106715
00600010000000000000000450780000000003768600005000000000079141
00600010000000000000000450790000000003289260005000000000069074
00600010000000000000000450800000000011752070005000000000246793
00600010000000000000000450810000000002186780005000000000045922
00600010000000000000000450820000000006611570005000000000138843
00600010000000000000000450830000000011189820005000000000234986
00600010000000000000000450840000000001983470005000000000041653
00600010000000000000000450850000000003173550005000000000066645
00600010000000000000000450860000000005942150005000000000124785
00600010000000000000000450870000000003669420005000000000077058
00600010000000000000000450880000000004958680005000000000104132
00600010000000000000000450890000000015814750005000000000332110
00600010000000000000000450900000000020386780005000000000428122
00600010000000000000000450910000000009215150005000000000193518
00600010000000000000000450920000000001239670005000000000026033
00600010000000000000000450930000000006611570005000000000138843
00600010000000000000000450940000000007983470005000000000167653
00600010000000000000000450950000000013272730005000000000278727
00600010000000000000000450960000000017887600005000000000375640
00600010000000000000000450970000000009917360005000000000208264
00600010000000000000000450980000000004958680005000000000104132
00600010000000000000000450990000000004958680005000000000104132
00600010000000000000000451000000000015272730005000000000320727
00600010000000000000000451010000000009029750005000000000189625
00600010000000000000000451020000000005785120005000000000121488
00600010000000000000000451030000000005785120005000000000121488
00600010000000000000000451040000000041132230005000000000863777
00600010000000000000000451050000000008132230005000000000170777
00600010000000000000000451060000000001404960005000000000029504
00600010000000000000000451070000000026517560005000000000556869
00600010000000000000000451080000000004781000005000000000100401
00600010000000000000000451090000000008699170005000000000182683
00600010000000000000000451100000000007040080005000000000147842
00600010000000000000000451110000000005950410005000000000124959
00600010000000000000000451120000000003471070005000000000072893
00600010000000000000000451130000000035291740005000000000741126
00600010000000000000000451140000000033307440005000000000699456
00600010000000000000000451150000000006198350005000000000130165
00600010000000000000000451160000000004523280005000000000094989
00600010000000000000000451170000000008092560005000000000169944
00600010000000000000000451180000000015029470005000000000315619
00600010000000000000000451190000000003927270005000000000082473
00600010000000000000000451200000000000157020005000000000003298
00600010000000000000000451210000000003867770005000000000081223
00600010000000000000000451220000000005256200005000000000110380
00600010000000000000000451230000000007272730005000000000152727
00600010000000000000000451240000000004834710005000000000101529
00600010000000000000000451250000000005801650005000000000121835
00600010000000000000000451260000000009702480005000000000203752
00600010000000000000000451270000000005057850005000000000106215
00600010000000000000000451280000000005107440005000000000107256
00600010000000000000000451290000000002052890005000000000043111
00600010000000000000000451300000000007834710005000000000164529
00600010000000000000000451310000000004958680005000000000104132
00600010000000000000000451320000000002677690005000000000056231
00600010000000000000000451330000000003074380005000000000064562
00600010000000000000000451340000000053577640005000000001125131
00600010000000000000000451350000000001652890005000000000034711
00600010000000000000000451360000000001652890005000000000034711
00600010000000000000000451370000000015391740005000000000323226
00600010000000000000000451380000000001553720005000000000032628
00600010000000000000000451390000000002066120005000000000043388
00600010000000000000000451400000000003867770005000000000081223
00600010000000000000000451410000000001264460005000000000026554
00600010000000000000000451420000000005268600005000000000110641
00600010000000000000000451430000000020528930005000000000431107
00600010000000000000000451440000000040909090005000000000859091
00600010000000000000000451450000000004132230005000000000086777
00600010000000000000000451460000000001756200005000000000036880
00600010000000000000000451470000000001636360005000000000034364
00600010000000000000000451480000000008553720005000000000179628
00600010000000000000000451490000000002892560005000000000060744
00600010000000000000000451500000000002714880005000000000057012
00600010000000000000000451510000000006099170005000000000128083
00600010000000000000000451520000000004644630005000000000097537
00600010000000000000000451530000000004958680005000000000104132
00600010000000000000000451540000000004760330005000000000099967
00600010000000000000000451550000000006611570005000000000138843
00600010000000000000000451560000000012595040005000000000264496
00600010000000000000000451570000000003371900005000000000070810
00600010000000000000000451580000000009166940005000000000192506
00600010000000000000000451590000000090570250005000000001901975
00600010000000000000000451600000000002066120005000000000043388
00600010000000000000000451610000000012694210005000000000266579
00600010000000000000000451620000000001983470005000000000041653
00600010000000000000000451630000000002066120005000000000043388
00600010000000000000000451640000000021157020005000000000444298
00600010000000000000000451650000000003867770005000000000081223
00600010000000000000000451660000000007884300005000000000165570
00600010000000000000000451670000000002066120005000000000043388
00600010000000000000000451680000000002355370005000000000049463
00600010000000000000000451690000000000785120005000000000016488
00600010000000000000000451700000000021272730005000000000446727
00600010000000000000000451710000000004177690005000000000087731
00600010000000000000000451720000000005785120005000000000121488
00600010000000000000000451730000000005785120005000000000121488
00600010000000000000000451740000000040798350005000000000856765
00600010000000000000000451750000000002066120005000000000043388
00600010000000000000000451760000000038844010005000000000815724
00600010000000000000000451770000000005785120005000000000121488
00600010000000000000000451780000000002892560005000000000060744
00600010000000000000000451790000000011900830005000000000249917
00600010000000000000000451800000000002479340005000000000052066
00600010000000000000000451810000000005057850005000000000106215
00600010000000000000000451820000000004991740005000000000104826
00600010000000000000000451830000000012757850005000000000267915
00600010000000000000000451840000000006438020005000000000135198
00600010000000000000000451850000000002066120005000000000043388
00600010000000000000000451860000000009282640005000000000194936
00600010000000000000000451870000000002066120005000000000043388
00600010000000000000000451880000000000909090005000000000019091
00600010000000000000000451890000000006792520005000000000142643
00600010000000000000000451900000000005752070005000000000120793
00600010000000000000000451910000000020000000005000000000420000
00600010000000000000000451920000000026710740005000000000560926
00600010000000000000000451930000000001586780005000000000033322
00600010000000000000000451940000000002066120005000000000043388
00600010000000000000000451950000000002578510005000000000054149
00600010000000000000000451960000000001834710005000000000038529
00600010000000000000000451970000000002066120005000000000043388
00600010000000000000000451980000000002876030005000000000060397
00600010000000000000000451990000000008628100005000000000181190
00600010000000000000000452000000000002990080005000000000062792
00600010000000000000000452010000000001281000005000000000026901
00600010000000000000000452020000000002305790005000000000048422
00600010000000000000000452030000000006768600005000000000142141
00600010000000000000000452040000000002066120005000000000043388
00600010000000000000000452050000000009788430005000000000205557
00600010000000000000000452060000000004067770005000000000085423
00600010000000000000000452070000000002892560005000000000060744
00600010000000000000000452080000000001919010005000000000040299
00600010000000000000000452090000000002892560005000000000060744
00600010000000000000000452100000000002677690005000000000056231
00600010000000000000000452110000000040855500005000000000857965
00600010000000000000000452120000000027719010005000000000582099
00600010000000000000000452130000000002066120005000000000043388
00600010000000000000000452140000000008190080005000000000171992
00600010000000000000000452150000000005454550005000000000114545
00600010000000000000000452160000000003603310005000000000075669
00600010000000000000000452170000000018347110005000000000385289
00600010000000000000000452180000000018892560005000000000396744
00600010000000000000000452190000000004413220005000000000092678
00600010000000000000000452200000000006000000005000000000126000
00600010000000000000000452210000000005785120005000000000121488
00600010000000000000000452220000000005785120005000000000121488
00600010000000000000000452230000000014157020005000000000297298
00600010000000000000000452240000000018520670005000000000388934
00600010000000000000000452250000000011396690005000000000239331
00600010000000000000000452260000000005355370005000000000112463
00600010000000000000000452270000000079548350005000000001670515
00600010000000000000000452280000000022568390005000000000473936
00600010000000000000000452290000000019172730005000000000402627
00600010000000000000000452300000000031167850005000000000654525
00600010000000000000000452310000000089679340005000000001883266
00600010000000000000000452320000000004958680005000000000104132
00600010000000000000000452330000000006611570005000000000138843
00600010000000000000000452340000000005285120005000000000110988
00600010000000000000000452350000000001983470005000000000041653
00600010000000000000000452360000000011008260005000000000231174
00600010000000000000000452370000000005768600005000000000121141
00600010000000000000000452380000000012334710005000000000259029
00600010000000000000000452390000000009371900005000000000196810
00600010000000000000000452400000000006294630005000000000132187
00600010000000000000000452410000000014082640005000000000295736
00600010000000000000000452420000000011487600005000000000241240
00600010000000000000000452430000000005752070005000000000120793
00600010000000000000000452440000000002633060005000000000055294
00600010000000000000000452450000000001342650005000000000028196
00600010000000000000000452460000000000892560005000000000018744
00600010000000000000000452470000000017206610005000000000361339
00800010000000000000000014300000000005950410005000000000124959
00800010000000000000000014310000000007512400005000000000157760
00800010000000000000000014320000000007512400005000000000157760
00800010000000000000000014330000000002300830005000000000048317
00800010000000000000000014340000000079548350005000000001670515
00100011000000000000000016770000000000876030005000000000018397
00100011000000000000000016780000000030495870005000000000640413
00100011000000000000000016790000000034016530005000000000714347
00100011000000000000000016800000000018541330005000000000389368
00100011000000000000000016810000000006057860005000000000127215
00100011000000000000000016820000000001425620005000000000029938
00100011000000000000000016830000000020330580005000000000426942
00100011000000000000000016840000000002909110005000000000061091
00100011000000000000000016850000000008099170005000000000170083
00100011000000000000000016860000000028909120005000000000607091
00100011000000000000000016870000000021173550005000000000444645
00100011000000000000000016880000000015768600005000000000331141
00100011000000000000000016890000000035900850005000000000753918
00100011000000000000000016900000000001388430005000000000029157
00100011000000000000000016910000000025685950005000000000539405
00100011000000000000000016920000000043884350005000000000921571
00100011000000000000000016930000000034661210005000000000727885
00100011000000000000000016940000000026330580005000000000552942
00100011000000000000000016950000000017885950005000000000375605
00600011000000000000000310070000000001016530005000000000021347
00600011000000000000000310080000000007388450005000000000155157
00600011000000000000000310090000000011851240005000000000248876
00600011000000000000000310100000000003074380005000000000064562
00600011000000000000000310110000000006925620005000000000145438
00600011000000000000000310120000000000876030005000000000018397
00600011000000000000000310130000000001553720005000000000032628
00600011000000000000000310140000000000876030005000000000018397
00600011000000000000000310150000000000876030005000000000018397
00600011000000000000000310160000000002628100005000000000055190
00600011000000000000000310170000000001636360005000000000034364
00600011000000000000000310180000000004958680005000000000104132
00600011000000000000000310190000000006611570005000000000138843
00600011000000000000000310200000000013735540005000000000288446
00600011000000000000000310210000000002892560005000000000060744
00600011000000000000000310220000000001487600005000000000031240
00600011000000000000000310230000000000821390005000000000017249
00600011000000000000000310240000000007735540005000000000162446
00600011000000000000000310250000000008595040005000000000180496
00600011000000000000000310260000000001995870005000000000041913
00600011000000000000000310270000000005553720005000000000116628
00600011000000000000000310280000000005553720005000000000116628
00600011000000000000000310290000000013570260005000000000284976
00600011000000000000000310300000000004495870005000000000094413
00600011000000000000000310310000000001933880005000000000040611
00600011000000000000000310320000000029355360005000000000616463
00600011000000000000000310330000000001983470005000000000041653
00600011000000000000000310340000000002603310005000000000054669
00600011000000000000000310350000000003293390005000000000069161
00600011000000000000000310360000000001859500005000000000039050
00600011000000000000000310370000000005074380005000000000106562
00600011000000000000000310380000000000309920005000000000006508
00600011000000000000000310390000000000508260005000000000010674
00600011000000000000000310400000000010772720005000000000226227
00600011000000000000000310410000000011107440005000000000233256
00600011000000000000000310420000000019805810005000000000415922
00600011000000000000000310430000000003322310005000000000069769
00600011000000000000000310440000000002764460005000000000058054
00600011000000000000000310450000000001204960005000000000025304
00600011000000000000000310460000000006885120005000000000144588
00600011000000000000000310470000000004958680005000000000104132
00600011000000000000000310480000000004958680005000000000104132
00600011000000000000000310490000000022242980005000000000467103
00600011000000000000000310500000000004958680005000000000104132
00600011000000000000000310510000000003203310005000000000067269
00600011000000000000000310520000000005619830005000000000118017
00600011000000000000000310530000000007471090005000000000156893
00600011000000000000000310540000000001685950005000000000035405
00600011000000000000000310550000000002892560005000000000060744
00600011000000000000000310560000000002892560005000000000060744
00600011000000000000000310570000000003867770005000000000081223
00600011000000000000000310580000000002628100005000000000055190
00600011000000000000000310590000000035363690005000000000742637
00600011000000000000000310600000000002892560005000000000060744
00600011000000000000000310610000000006611570005000000000138843
00600011000000000000000310620000000000876030005000000000018397
00600011000000000000000310630000000014892570005000000000312744
00600011000000000000000310640000000010879350005000000000228466
00600011000000000000000310650000000002892560005000000000060744
00600011000000000000000310660000000009669420005000000000203058
00600011000000000000000310670000000002528930005000000000053107
00600011000000000000000310680000000000876030005000000000018397
00600011000000000000000310690000000022268590005000000000467640
00600011000000000000000310700000000004314040005000000000090595
00600011000000000000000310710000000000876030005000000000018397
00600011000000000000000310720000000001752070005000000000036793
00600011000000000000000310730000000027276880005000000000572815
00600011000000000000000310740000000001487600005000000000031240
00600011000000000000000310750000000001239680005000000000026033
00600011000000000000000310760000000016044230005000000000336929
00600011000000000000000310770000000003140500005000000000065950
00600011000000000000000310780000000003709090005000000000077891
00600011000000000000000310790000000018835530005000000000395546
00600011000000000000000310800000000002892560005000000000060744
00600011000000000000000310810000000000351240005000000000007376
00600011000000000000000310820000000002501020005000000000052521
00600011000000000000000310830000000023553720005000000000494628
00600011000000000000000310840000000001578510005000000000033149
00600011000000000000000310850000000003710740005000000000077926
00600011000000000000000310860000000004058930005000000000085237
00600011000000000000000310870000000005573560005000000000117045
00600011000000000000000310880000000003971900005000000000083410
00600011000000000000000310890000000006545450005000000000137455
00600011000000000000000310900000000000512400005000000000010760
00600011000000000000000310910000000023752070005000000000498793
00600011000000000000000310920000000001983470005000000000041653
00600011000000000000000310930000000009249590005000000000194241
00600011000000000000000310940000000008512400005000000000178760
00600011000000000000000310950000000004611570005000000000096843
00600011000000000000000310960000000003228110005000000000067790
00600011000000000000000310970000000016870270005000000000354276
00600011000000000000000310980000000006247950005000000000131207
00600011000000000000000310990000000002892560005000000000060744
00600011000000000000000311000000000000758680005000000000015932
00600011000000000000000311010000000005667780005000000000119023
00600011000000000000000311020000000007520680005000000000157934
00600011000000000000000311030000000000466940005000000000009806
00600011000000000000000311040000000001874390005000000000039362
00600011000000000000000311050000000003793390005000000000079661
00600011000000000000000311060000000004597520005000000000096548
00600011000000000000000311070000000001874390005000000000039362
00600011000000000000000311080000000022231410005000000000466860
00600011000000000000000311090000000004165310005000000000087471
00600011000000000000000311100000000000925620005000000000019438
00600011000000000000000311110000000005256210005000000000110380
00600011000000000000000311120000000001983470005000000000041653
00600011000000000000000311130000000002444630005000000000051337
00600011000000000000000311140000000008654550005000000000181746
00600011000000000000000311150000000003867770005000000000081223
00600011000000000000000311160000000018595040005000000000390496
00600011000000000000000311170000000005586770005000000000117322
00600011000000000000000311180000000007549600005000000000158542
00600011000000000000000311190000000001115700005000000000023430
00600011000000000000000311200000000001338840005000000000028116
00600011000000000000000311210000000016289260005000000000342074
00600011000000000000000311220000000003074380005000000000064562
00600011000000000000000311230000000007033060005000000000147694
00600011000000000000000311240000000010099200005000000000212083
00600011000000000000000311250000000001338840005000000000028116
00600011000000000000000311260000000017834740005000000000374529
00600011000000000000000311270000000017884320005000000000375571
00600011000000000000000311280000000003438020005000000000072199
00600011000000000000000311290000000006835540005000000000143546
00600011000000000000000311300000000002326450005000000000048855
00600011000000000000000311310000000006114050005000000000128395
00600011000000000000000311320000000002925620005000000000061438
00600011000000000000000311330000000004958680005000000000104132
00600011000000000000000311340000000009586780005000000000201322
00600011000000000000000311350000000007755390005000000000162863
00600011000000000000000311360000000003899750005000000000081895
00600011000000000000000311370000000004328930005000000000090907
00600011000000000000000311380000000000876030005000000000018397
00600011000000000000000311390000000005176870005000000000108714
00600011000000000000000311400000000003361980005000000000070602
00600011000000000000000311410000000016909070005000000000355091
00600011000000000000000311420000000002528930005000000000053108
00600011000000000000000311430000000003138850005000000000065916
00600011000000000000000311440000000012743800005000000000267620
00600011000000000000000311450000000005404960005000000000113504
00600011000000000000000311460000000006611570005000000000138843
00600011000000000000000311470000000004958680005000000000104132
00600011000000000000000311480000000002033060005000000000042694
00600011000000000000000311490000000002892560005000000000060744
00600011000000000000000311500000000033603300005000000000705669
00600011000000000000000311510000000001685950005000000000035405
00600011000000000000000311520000000004886780005000000000102622
00600011000000000000000311530000000009917360005000000000208264
00600011000000000000000311540000000000347110005000000000007289
00600011000000000000000311550000000004804970005000000000100904
00600011000000000000000311560000000012942150005000000000271785
00600011000000000000000311570000000012371900005000000000259810
00600011000000000000000311580000000013041360005000000000273868
00600011000000000000000311590000000009884310005000000000207570
00600011000000000000000311600000000008132230005000000000170777
00600011000000000000000311610000000004045450005000000000084955
00600011000000000000000311620000000017487580005000000000367239
00600011000000000000000311630000000012451250005000000000261476
00600011000000000000000311640000000003570260005000000000074975
00600011000000000000000311650000000003771280005000000000079197
00600011000000000000000311660000000004057850005000000000085215
00600011000000000000000311670000000010776870005000000000226314
00600011000000000000000311680000000001190080005000000000024992
00600011000000000000000311690000000010615710005000000000222930
00600011000000000000000311700000000002879730005000000000060474
00600011000000000000000311710000000001487600005000000000031240
00600011000000000000000311720000000008330610005000000000174943
00600011000000000000000311730000000001239680005000000000026033
00600011000000000000000311740000000000991740005000000000020826
00600011000000000000000311750000000001487600005000000000031240
00600011000000000000000311760000000003351250005000000000070376
00600011000000000000000311770000000002892560005000000000060744
00600011000000000000000311780000000007933880005000000000166612
00600011000000000000000311790000000006082660005000000000127736
00600011000000000000000311800000000002243800005000000000047120
00600011000000000000000311810000000013176470005000000000276706
00600011000000000000000311820000000019307950005000000000405467
00600011000000000000000311830000000010760340005000000000225967
00600011000000000000000311840000000001487600005000000000031240
00600011000000000000000311850000000015570250005000000000326975
00600011000000000000000311860000000020082670005000000000421736
00600011000000000000000311870000000004958680005000000000104132
00600011000000000000000311880000000002082650005000000000043736
00600011000000000000000311890000000002454540005000000000051545
00600011000000000000000311900000000005107440005000000000107256
00600011000000000000000311910000000005255370005000000000110363
00600011000000000000000311920000000005909920005000000000124108
00600011000000000000000311930000000002892560005000000000060744
00600011000000000000000311940000000003059500005000000000064250
00600011000000000000000311950000000002677690005000000000056231
00600011000000000000000311960000000000590910005000000000012409
00600011000000000000000311970000000004335540005000000000091046
00600011000000000000000311980000000002264460005000000000047554
00600011000000000000000311990000000003867770005000000000081223
00600011000000000000000312000000000011327280005000000000237873
00600011000000000000000312010000000005528510005000000000116099
00600011000000000000000312020000000011363600005000000000238636
00600011000000000000000312030000000002892560005000000000060744
00600011000000000000000312040000000002892560005000000000060744
00600011000000000000000312050000000001785120005000000000037488
00600011000000000000000312060000000000466940005000000000009806
00600011000000000000000312070000000004165310005000000000087471
00600011000000000000000312080000000004909090005000000000103091
00600011000000000000000312090000000016665300005000000000349971
00600011000000000000000312100000000025636370005000000000538364
00600011000000000000000312110000000023553700005000000000494628
00600011000000000000000312120000000002066120005000000000043388
00600011000000000000000312130000000018239690005000000000383033
00600011000000000000000312140000000003326450005000000000069855
00600011000000000000000312150000000026054720005000000000547149
00600011000000000000000312160000000018608930005000000000390788
00600011000000000000000312170000000002892560005000000000060744
00600011000000000000000312180000000003480980005000000000073101
00600011000000000000000312190000000006429740005000000000135025
00600011000000000000000312200000000001983470005000000000041653
00600011000000000000000312210000000001983470005000000000041653
00600011000000000000000312220000000008665290005000000000181971
00600011000000000000000312230000000013537190005000000000284281
00600011000000000000000312240000000003173550005000000000066645
00600011000000000000000312250000000019764480005000000000415054
00600011000000000000000312260000000001636360005000000000034364
00600011000000000000000312270000000001136360005000000000023864
00600011000000000000000312280000000006743800005000000000141620
00600011000000000000000312290000000006247960005000000000131207
00600011000000000000000312300000000013041360005000000000273868
00600011000000000000000312310000000084796690005000000001780731
00600011000000000000000312320000000017404930005000000000365504
00600011000000000000000312330000000008033060005000000000168694
00600011000000000000000312340000000006256210005000000000131380
00600011000000000000000312350000000001160330005000000000024367
00600011000000000000000312360000000004611570005000000000096843
00600011000000000000000312370000000008016540005000000000168347
00600011000000000000000312380000000006842980005000000000143703
00600011000000000000000312390000000009438050005000000000198199
00600011000000000000000312400000000017595050005000000000369496
00600011000000000000000312410000000012380190005000000000259984
00600011000000000000000312420000000014281040005000000000299902
00600011000000000000000312430000000006644630005000000000139537
00600011000000000000000312440000000004859500005000000000102050
00600011000000000000000312450000000017314050005000000000363595
00600011000000000000000312460000000003322310005000000000069769
00600011000000000000000312470000000007140500005000000000149950
00600011000000000000000312480000000004958680005000000000104132
00600011000000000000000312490000000012462820005000000000261719
00600011000000000000000312500000000007140500005000000000149951
00600011000000000000000312510000000009371900005000000000196810
00600011000000000000000312520000000013338830005000000000280115
00600011000000000000000312530000000000876030005000000000018397
00600011000000000000000312540000000005057850005000000000106215
00600011000000000000000312550000000025884300005000000000543570
00600011000000000000000312560000000001983470005000000000041653
00600011000000000000000312570000000005107430005000000000107256
00600011000000000000000312580000000002231410005000000000046860
00600011000000000000000312590000000016991740005000000000356826
00600011000000000000000312600000000005801650005000000000121835
00600011000000000000000312610000000004284310005000000000089970
00600011000000000000000312620000000002247930005000000000047207
00600011000000000000000312630000000001983470005000000000041653
00600011000000000000000312640000000003809930005000000000080008
00600011000000000000000312650000000003173550005000000000066644
00800011000000000000000008420000000001016530005000000000021347
00800011000000000000000008430000000006537190005000000000137281
00800011000000000000000008440000000001169420005000000000024558
00800011000000000000000008450000000017834740005000000000374529
00800011000000000000000008460000000001487600005000000000031240
00800011000000000000000008470000000001983470005000000000041653
00100012000000000000000012330000000019603320005000000000411670
00100012000000000000000012340000000015809930005000000000332008
00100012000000000000000012350000000001586780005000000000033322
00100012000000000000000012360000000013421500005000000000281851
00100012000000000000000012370000000001991740005000000000041826
00100012000000000000000012380000000005933890005000000000124612
00100012000000000000000012390000000009421490005000000000197851
00100012000000000000000012400000000004775210005000000000100279
00100012000000000000000012410000000000991740005000000000020826
00100012000000000000000012420000000017694240005000000000371579
00100012000000000000000012430000000006272730005000000000131727
00100012000000000000000012440000000012694210005000000000266579
00100012000000000000000012450000000003768600005000000000079141
00300012000000000000000000460000000004775210005000000000100279
00600012000000000000000235710000000002148760005000000000045124
00600012000000000000000235720000000031265690005000000000656580
00600012000000000000000235730000000002501020005000000000052521
00600012000000000000000235740000000023553700005000000000494628
00600012000000000000000235750000000012913230005000000000271178
00600012000000000000000235760000000000925620005000000000019438
00600012000000000000000235770000000007834710005000000000164529
00600012000000000000000235780000000002148760005000000000045124
00600012000000000000000235790000000006611570005000000000138843
00600012000000000000000235800000000002148760005000000000045124
00600012000000000000000235810000000005223140005000000000109686
00600012000000000000000235820000000017991740005000000000377827
00600012000000000000000235830000000004958680005000000000104132
00600012000000000000000235840000000011305800005000000000237422
00600012000000000000000235850000000005008260005000000000105174
00600012000000000000000235860000000007553690005000000000158628
00600012000000000000000235870000000003966930005000000000083306
00600012000000000000000235880000000004165310005000000000087471
00600012000000000000000235890000000003966930005000000000083306
00600012000000000000000235900000000001983470005000000000041653
00600012000000000000000235910000000012826440005000000000269355
00600012000000000000000235920000000001983470005000000000041653
00600012000000000000000235930000000007107440005000000000149256
00600012000000000000000235940000000002247930005000000000047207
00600012000000000000000235950000000003696240005000000000077621
00600012000000000000000235960000000034809890005000000000731008
00600012000000000000000235970000000010028920005000000000210607
00600012000000000000000235980000000006694210005000000000140579
00600012000000000000000235990000000004958680005000000000104132
00600012000000000000000236000000000003123970005000000000065603
00600012000000000000000236010000000029152890005000000000612211
00600012000000000000000236020000000012396700005000000000260331
00600012000000000000000236030000000007851270005000000000164877
00600012000000000000000236040000000013713020005000000000287973
00600012000000000000000236050000000006611570005000000000138843
00600012000000000000000236060000000004958680005000000000104132
00600012000000000000000236070000000002454550005000000000051545
00600012000000000000000236080000000002479340005000000000052066
00600012000000000000000236090000000005233880005000000000109912
00600012000000000000000236100000000006396690005000000000134331
00600012000000000000000236110000000003347110005000000000070289
00600012000000000000000236120000000002479340005000000000052066
00600012000000000000000236130000000002479340005000000000052066
00600012000000000000000236140000000005363650005000000000112637
00600012000000000000000236150000000004165300005000000000087471
00600012000000000000000236160000000002479340005000000000052066
00600012000000000000000236170000000006677690005000000000140232
00600012000000000000000236180000000006520660005000000000136934
00600012000000000000000236190000000006099180005000000000128083
00600012000000000000000236200000000007735540005000000000162446
00600012000000000000000236210000000002033060005000000000042694
00600012000000000000000236220000000006611570005000000000138843
00600012000000000000000236230000000003061980005000000000064302
00600012000000000000000236240000000007105790005000000000149221
00600012000000000000000236250000000018066120005000000000379388
00600012000000000000000236260000000005471070005000000000114893
00600012000000000000000236270000000001289260005000000000027074
00600012000000000000000236280000000003917360005000000000082264
00600012000000000000000236290000000004223140005000000000088686
00600012000000000000000236300000000061980440005000000001301589
00600012000000000000000236310000000006595050005000000000138496
00600012000000000000000236320000000004760330005000000000099967
00600012000000000000000236330000000008380170005000000000175984
00600012000000000000000236340000000003966930005000000000083306
00600012000000000000000236350000000001446280005000000000030372
00600012000000000000000236360000000001611570005000000000033843
00600012000000000000000236370000000016528900005000000000347107
00600012000000000000000236380000000011057870005000000000232215
00600012000000000000000236390000000001446280005000000000030372
00600012000000000000000236400000000003917360005000000000082264
00600012000000000000000236410000000001289260005000000000027074
00600012000000000000000236420000000007239650005000000000152033
00600012000000000000000236430000000006297520005000000000132248
00600012000000000000000236440000000004661160005000000000097884
00600012000000000000000236450000000008000020005000000000168000
00600012000000000000000236460000000006148780005000000000129124
00600012000000000000000236470000000005049600005000000000106042
00600012000000000000000236480000000003206630005000000000067339
00600012000000000000000236490000000006611570005000000000138843
00600012000000000000000236500000000004051230005000000000085076
00600012000000000000000236510000000006611570005000000000138843
00600012000000000000000236520000000009000020005000000000189001
00600012000000000000000236530000000011504160005000000000241587
00600012000000000000000236540000000003371900005000000000070810
00600012000000000000000236550000000010983470005000000000230653
00600012000000000000000236560000000004051230005000000000085076
00600012000000000000000236570000000011628090005000000000244190
00600012000000000000000236580000000005743800005000000000120620
00600012000000000000000236590000000006611570005000000000138843
00600012000000000000000236600000000006611570005000000000138843
00600012000000000000000236610000000000438770005000000000009214
00600012000000000000000236620000000004132230005000000000086777
00600012000000000000000236630000000012876020005000000000270397
00600012000000000000000236640000000005603310005000000000117669
00600012000000000000000236650000000009859500005000000000207050
00600012000000000000000236660000000008033060005000000000168694
00600012000000000000000236670000000030338860005000000000637116
00600012000000000000000236680000000009357020005000000000196497
00600012000000000000000236690000000021322300005000000000447768
00600012000000000000000236700000000017438020005000000000366199
00600012000000000000000236710000000028722650005000000000603176
00600012000000000000000236720000000005809920005000000000122008
00600012000000000000000236730000000012352070005000000000259394
00600012000000000000000236740000000006925620005000000000145438
00600012000000000000000236750000000003498350005000000000073465
00600012000000000000000236760000000001223140005000000000025686
00600012000000000000000236770000000002380170005000000000049983
00600012000000000000000236780000000002811570005000000000059043
00600012000000000000000236790000000003510740005000000000073726
00600012000000000000000236800000000003371900005000000000070810
00600012000000000000000236810000000004165310005000000000087471
00600012000000000000000236820000000006471080005000000000135893
00600012000000000000000236830000000003347110005000000000070289
00600012000000000000000236840000000002811580005000000000059043
00600012000000000000000236850000000006471080005000000000135893
00600012000000000000000236860000000002132230005000000000044777
00600012000000000000000236870000000007438020005000000000156198
00600012000000000000000236880000000002429750005000000000051025
00600012000000000000000236890000000006161160005000000000129384
00600012000000000000000236900000000001446280005000000000030372
00600012000000000000000236910000000005404960005000000000113504
00600012000000000000000236920000000003223140005000000000067686
00600012000000000000000236930000000001884300005000000000039570
00600012000000000000000236940000000000471070005000000000009893
00600012000000000000000236950000000013247930005000000000278207
00600012000000000000000236960000000023586380005000000000495314
00600012000000000000000236970000000009173550005000000000192644
00600012000000000000000236980000000016983470005000000000356653
00600012000000000000000236990000000001388430005000000000029157
00600012000000000000000237000000000001611570005000000000033843
00600012000000000000000237010000000004060330005000000000085267
00600012000000000000000237020000000001338840005000000000028116
00600012000000000000000237030000000001834710005000000000038529
00600012000000000000000237040000000016214900005000000000340513
00600012000000000000000237050000000000892560005000000000018744
00600012000000000000000237060000000007229750005000000000151825
00600012000000000000000237070000000014370260005000000000301776
00600012000000000000000237080000000005553720005000000000116628
00600012000000000000000237090000000021176030005000000000444697
00600012000000000000000237100000000006277690005000000000131832
00600012000000000000000237110000000007438020005000000000156198
00600012000000000000000237120000000001392560005000000000029244
00600012000000000000000237130000000001446280005000000000030372
00600012000000000000000237140000000003429750005000000000072025
00600012000000000000000237150000000003157030005000000000066298
00600012000000000000000237160000000001983470005000000000041653
00600012000000000000000237170000000001289260005000000000027074
00600012000000000000000237180000000016332080005000000000342974
00600012000000000000000237190000000003689260005000000000077474
00600012000000000000000237200000000005603310005000000000117669
00600012000000000000000237210000000009917360005000000000208265
00600012000000000000000237220000000001053720005000000000022128
00600012000000000000000237230000000001756200005000000000036880
00600012000000000000000237240000000026054720005000000000547149
00600012000000000000000237250000000005380170005000000000112984
00600012000000000000000237260000000000702480005000000000014752
00600012000000000000000237270000000003173550005000000000066645
00600012000000000000000237280000000005266120005000000000110589
00600012000000000000000237290000000055074300005000000001156560
00600012000000000000000237300000000008727280005000000000183273
00600012000000000000000237310000000022800210005000000000478804
00600012000000000000000237320000000022537210005000000000473281
00600012000000000000000237330000000024380170005000000000511984
00600012000000000000000237340000000021768600005000000000457141
00600012000000000000000237350000000003436360005000000000072164
00600012000000000000000237360000000005504130005000000000115587
00600012000000000000000237370000000010016550005000000000210347
00600012000000000000000237380000000001983470005000000000041653
00600012000000000000000237390000000007140510005000000000149951
00600012000000000000000237400000000011628100005000000000244190
00600012000000000000000237410000000006644620005000000000139537
00600012000000000000000237420000000003735540005000000000078446
00600012000000000000000237430000000006495890005000000000136414
00600012000000000000000237440000000005305790005000000000111422
00600012000000000000000237450000000012198350005000000000256165
00600012000000000000000237460000000002677690005000000000056231
00600012000000000000000237470000000006743810005000000000141620
00600012000000000000000237480000000002320660005000000000048734
00600012000000000000000237490000000004169430005000000000087558
00600012000000000000000237500000000009193400005000000000193061
00600012000000000000000237510000000002409920005000000000050608
00600012000000000000000237520000000000758680005000000000015932
00600012000000000000000237530000000008082650005000000000169736
00600012000000000000000237540000000011363600005000000000238636
00600012000000000000000237550000000014013220005000000000294278
00600012000000000000000237560000000015998510005000000000335969
00600012000000000000000237570000000001611570005000000000033843
00600012000000000000000237580000000001611570005000000000033843
00600012000000000000000237590000000007090920005000000000148909
00600012000000000000000237600000000002066120005000000000043388
00600012000000000000000237610000000007105790005000000000149221
00600012000000000000000237620000000002925620005000000000061438
00600012000000000000000237630000000015317360005000000000321665
00600012000000000000000237640000000005289280005000000000111075
00600012000000000000000237650000000003074380005000000000064562
00600012000000000000000237660000000004958680005000000000104132
00600012000000000000000237670000000016170260005000000000339575
00600012000000000000000237680000000009471080005000000000198893
00600012000000000000000237690000000005123970005000000000107603
00600012000000000000000237700000000001983470005000000000041653
00600012000000000000000237710000000002876030005000000000060397
00600012000000000000000237720000000002578510005000000000054149
00600012000000000000000237730000000004628100005000000000097190
00600012000000000000000237740000000003966940005000000000083306
00600012000000000000000237750000000004512400005000000000094760
00600012000000000000000237760000000004776870005000000000100314
00600012000000000000000237770000000004016530005000000000084347
00600012000000000000000237780000000009630590005000000000202242
00600012000000000000000237790000000001487600005000000000031240
00600012000000000000000237800000000012280990005000000000257901
00600012000000000000000237810000000005315700005000000000111630
00600012000000000000000237820000000002066120005000000000043388
00600012000000000000000237830000000004958680005000000000104132
00600012000000000000000237840000000009371920005000000000196810
00600012000000000000000237850000000033440550005000000000702251
00600012000000000000000237860000000028532280005000000000599178
00600012000000000000000237870000000028884300005000000000606570
00600012000000000000000237880000000008975210005000000000188479
00600012000000000000000237890000000004958680005000000000104132
00600012000000000000000237900000000005702480005000000000119752
00600012000000000000000237910000000010115720005000000000212430
00600012000000000000000237920000000007272730005000000000152727
00600012000000000000000237930000000001578510005000000000033149
00600012000000000000000237940000000003480990005000000000073101
00600012000000000000000237950000000003173550005000000000066645
00600012000000000000000237960000000003220660005000000000067634
00600012000000000000000237970000000004958680005000000000104132
00600012000000000000000237980000000001289260005000000000027074
00600012000000000000000237990000000002429760005000000000051025
00600012000000000000000238000000000010363660005000000000217637
00600012000000000000000238010000000004016530005000000000084347
00600012000000000000000238020000000003421490005000000000071851
00600012000000000000000238030000000014736920005000000000309475
00600012000000000000000238040000000001115700005000000000023430
00600012000000000000000238050000000004545460005000000000095455
00600012000000000000000238060000000006611570005000000000138843
00600012000000000000000238070000000004115700005000000000086430
00600012000000000000000238080000000014462820005000000000303719
00600012000000000000000238090000000005371900005000000000112810
00600012000000000000000238100000000007396690005000000000155331
00600012000000000000000238110000000001446280005000000000030372
00600012000000000000000238120000000004958680005000000000104132
00600012000000000000000238130000000013429770005000000000282025
00600012000000000000000238140000000038272800005000000000803729
00600012000000000000000238150000000003483470005000000000073153
00600012000000000000000238160000000004958680005000000000104132
00600012000000000000000238170000000004958680005000000000104132
00600012000000000000000238180000000017429770005000000000366025
00600012000000000000000238190000000006148780005000000000129124
00600012000000000000000238200000000004958680005000000000104132
00600012000000000000000238210000000003421490005000000000071851
00600012000000000000000238220000000002479340005000000000052066
00600012000000000000000238230000000011085960005000000000232805
00600012000000000000000238240000000002826450005000000000059355
00600012000000000000000238250000000008384310005000000000176071
00600012000000000000000238260000000004016540005000000000084347
00600012000000000000000238270000000004809930005000000000101008
00600012000000000000000238280000000005057850005000000000106215
00600012000000000000000238290000000002889260005000000000060674
00600012000000000000000238300000000003371910005000000000070810
00600012000000000000000238310000000001983470005000000000041653
00600012000000000000000238320000000024446280005000000000513372
00600012000000000000000238330000000001983470005000000000041653
00600012000000000000000238340000000003674380005000000000077162
00800012000000000000000007470000000012396700005000000000260331
00800012000000000000000007480000000003966930005000000000083306
00800012000000000000000007490000000003966930005000000000083306
00800012000000000000000007500000000003917360005000000000082264
00800012000000000000000007510000000004051230005000000000085076
00800012000000000000000007520000000002811570005000000000059043
00800012000000000000000007530000000006471080005000000000135893
00800012000000000000000007540000000001611570005000000000033843
00800012000000000000000007550000000000351240005000000000007376
00100013000000000000000011020000000003133070005000000000065794
00100013000000000000000011030000000001834710005000000000038529
00100013000000000000000011040000000003586780005000000000075322
00100013000000000000000011050000000030347080005000000000637289
00100013000000000000000011060000000080040520005000000001680851
00100013000000000000000011070000000010859480005000000000228049
00600013000000000000000274680000000010370250005000000000217775
00600013000000000000000274690000000002628100005000000000055190
00600013000000000000000274700000000005247930005000000000110207
00600013000000000000000274710000000005289260005000000000111074
00600013000000000000000274720000000001785120005000000000037488
00600013000000000000000274730000000018743800005000000000393620
00600013000000000000000274740000000001884300005000000000039570
00600013000000000000000274750000000009917360005000000000208264
00600013000000000000000274760000000018330570005000000000384942
00600013000000000000000274770000000014876030005000000000312397
00600013000000000000000274780000000009719010005000000000204099
00600013000000000000000274790000000001239670005000000000026033
00600013000000000000000274800000000012707400005000000000266855
00600013000000000000000274810000000006991750005000000000146827
00600013000000000000000274820000000001190080005000000000024992
00600013000000000000000274830000000008162810005000000000171419
00600013000000000000000274840000000015570230005000000000326975
00600013000000000000000274850000000004016530005000000000084347
00600013000000000000000274860000000008307450005000000000174456
00600013000000000000000274870000000008975220005000000000188480
00600013000000000000000274880000000003257860005000000000068415
00600013000000000000000274890000000001590910005000000000033409
00600013000000000000000274900000000002148760005000000000045124
00600013000000000000000274910000000011603340005000000000243670
00600013000000000000000274920000000007797490005000000000163747
00600013000000000000000274930000000028993400005000000000608861
00600013000000000000000274940000000006538020005000000000137299
00600013000000000000000274950000000004910320005000000000103117
00600013000000000000000274960000000022375180005000000000469879
00600013000000000000000274970000000007239660005000000000152033
00600013000000000000000274980000000001685950005000000000035405
00600013000000000000000274990000000005880160005000000000123483
00600013000000000000000275000000000007190080005000000000150992
00600013000000000000000275010000000004418170005000000000092782
00600013000000000000000275020000000001933880005000000000040611
00600013000000000000000275030000000004115700005000000000086430
00600013000000000000000275040000000004661170005000000000097884
00600013000000000000000275050000000003053720005000000000064128
00600013000000000000000275060000000003289260005000000000069075
00600013000000000000000275070000000008975220005000000000188480
00600013000000000000000275080000000005355360005000000000112463
00600013000000000000000275090000000005983470005000000000125653
00600013000000000000000275100000000006611570005000000000138843
00600013000000000000000275110000000015450000005000000000324450
00600013000000000000000275120000000028314090005000000000594596
00600013000000000000000275130000000007038840005000000000147816
00600013000000000000000275140000000008049600005000000000169042
00600013000000000000000275150000000003471070005000000000072893
00600013000000000000000275160000000009570260005000000000200975
00600013000000000000000275170000000001053720005000000000022128
00600013000000000000000275180000000001487600005000000000031240
00600013000000000000000275190000000001933880005000000000040611
00600013000000000000000275200000000009132210005000000000191777
00600013000000000000000275210000000002417360005000000000050764
00600013000000000000000275220000000006611570005000000000138843
00600013000000000000000275230000000006611570005000000000138843
00600013000000000000000275240000000006611570005000000000138843
00600013000000000000000275250000000006487600005000000000136240
00600013000000000000000275260000000006611570005000000000138843
00600013000000000000000275270000000011363600005000000000238636
00600013000000000000000275280000000006595040005000000000138496
00600013000000000000000275290000000001685950005000000000035405
00600013000000000000000275300000000001239670005000000000026033
00600013000000000000000275310000000003287600005000000000069040
00600013000000000000000275320000000001138020005000000000023898
00600013000000000000000275330000000009232240005000000000193877
00600013000000000000000275340000000007337200005000000000154081
00600013000000000000000275350000000004958680005000000000104132
00600013000000000000000275360000000005816540005000000000122147
00600013000000000000000275370000000003751240005000000000078776
00600013000000000000000275380000000004958680005000000000104132
00600013000000000000000275390000000002191740005000000000046026
00600013000000000000000275400000000002866120005000000000060188
00600013000000000000000275410000000000838840005000000000017616
00600013000000000000000275420000000002975210005000000000062479
00600013000000000000000275430000000005504130005000000000115587
00600013000000000000000275440000000003349590005000000000070341
00600013000000000000000275450000000014702480005000000000308752
00600013000000000000000275460000000001805790005000000000037921
00600013000000000000000275470000000006096690005000000000128031
00600013000000000000000275480000000001140500005000000000023951
00600013000000000000000275490000000002677690005000000000056231
00600013000000000000000275500000000004958690005000000000104132
00600013000000000000000275510000000006611570005000000000138843
00600013000000000000000275520000000078677690005000000001652231
00600013000000000000000275530000000003371890005000000000070810
00600013000000000000000275540000000001950410005000000000040959
00600013000000000000000275550000000009917360005000000000208264
00600013000000000000000275560000000005057850005000000000106215
00600013000000000000000275570000000008132240005000000000170777
00600013000000000000000275580000000021674340005000000000455161
00600013000000000000000275590000000000822310005000000000017269
00600013000000000000000275600000000004462810005000000000093719
00600013000000000000000275610000000011363640005000000000238636
00600013000000000000000275620000000002082650005000000000043736
00600013000000000000000275630000000009446290005000000000198372
00600013000000000000000275640000000002082650005000000000043736
00600013000000000000000275650000000002082650005000000000043736
00600013000000000000000275660000000003223130005000000000067686
00600013000000000000000275670000000028016550005000000000588348
00600013000000000000000275680000000011008260005000000000231173
00600013000000000000000275690000000006797520005000000000142748
00600013000000000000000275700000000006049590005000000000127041
00600013000000000000000275710000000003818190005000000000080182
00600013000000000000000275720000000013090920005000000000274909
00600013000000000000000275730000000004119830005000000000086517
00600013000000000000000275740000000002685950005000000000056405
00600013000000000000000275750000000007834710005000000000164529
00600013000000000000000275760000000002479340005000000000052066
00600013000000000000000275770000000008429750005000000000177025
00600013000000000000000275780000000003818180005000000000080182
00600013000000000000000275790000000012140500005000000000254950
00600013000000000000000275800000000008462820005000000000177719
00600013000000000000000275810000000004545460005000000000095455
00600013000000000000000275820000000008518190005000000000178882
00600013000000000000000275830000000004442980005000000000093302
00600013000000000000000275840000000007263640005000000000152537
00600013000000000000000275850000000008008260005000000000168174
00600013000000000000000275860000000005521490005000000000115951
00600013000000000000000275870000000012143000005000000000255003
00600013000000000000000275880000000004829750005000000000101425
00600013000000000000000275890000000027371940005000000000574811
00600013000000000000000275900000000000991740005000000000020826
00600013000000000000000275910000000001636360005000000000034364
00600013000000000000000275920000000007299170005000000000153283
00600013000000000000000275930000000002628100005000000000055190
00600013000000000000000275940000000005117360005000000000107464
00600013000000000000000275950000000000508260005000000000010674
00600013000000000000000275960000000000648760005000000000013624
00600013000000000000000275970000000007049600005000000000148042
00600013000000000000000275980000000074380140005000000001561983
00600013000000000000000275990000000004931410005000000000103560
00600013000000000000000276000000000002395040005000000000050296
00600013000000000000000276010000000003429750005000000000072025
00600013000000000000000276020000000008364940005000000000175664
00600013000000000000000276030000000010016540005000000000210347
00600013000000000000000276040000000011115700005000000000233430
00600013000000000000000276050000000003181820005000000000066818
00600013000000000000000276060000000023057850005000000000484215
00600013000000000000000276070000000002706610005000000000056839
00600013000000000000000276080000000002776860005000000000058314
00600013000000000000000276090000000002107440005000000000044256
00600013000000000000000276100000000028809930005000000000605009
00600013000000000000000276110000000006611570005000000000138843
00600013000000000000000276120000000010024800005000000000210521
00600013000000000000000276130000000002209080005000000000046391
00600013000000000000000276140000000002289250005000000000048074
00600013000000000000000276150000000006611570005000000000138843
00600013000000000000000276160000000002768600005000000000058141
00600013000000000000000276170000000002082650005000000000043736
00600013000000000000000276180000000001636370005000000000034364
00600013000000000000000276190000000003925620005000000000082438
00600013000000000000000276200000000001239670005000000000026033
00600013000000000000000276210000000007933890005000000000166612
00600013000000000000000276220000000001933880005000000000040611
00600013000000000000000276230000000009752070005000000000204794
00600013000000000000000276240000000000876030005000000000018397
00600013000000000000000276250000000007734150005000000000162417
00600013000000000000000276260000000002190080005000000000045992
00600013000000000000000276270000000003429750005000000000072025
00600013000000000000000276280000000102049560005000000002143041
00600013000000000000000276290000000017438020005000000000366198
00600013000000000000000276300000000005355370005000000000112463
00600013000000000000000276310000000002514880005000000000052812
00600013000000000000000276320000000000743800005000000000015620
00600013000000000000000276330000000006115700005000000000128430
00600013000000000000000276340000000006570250005000000000137975
00600013000000000000000276350000000010113410005000000000212382
00600013000000000000000276360000000014048910005000000000295027
00600013000000000000000276370000000004936690005000000000103670
00600013000000000000000276380000000010710740005000000000224926
00600013000000000000000276390000000007319010005000000000153699
00600013000000000000000276400000000012743800005000000000267620
00600013000000000000000276410000000010082640005000000000211736
00600013000000000000000276420000000044214880005000000000928512
00600013000000000000000276430000000035768630005000000000751141
00600013000000000000000276440000000002685950005000000000056405
00600013000000000000000276450000000011504140005000000000241587
00600013000000000000000276460000000005057850005000000000106215
00600013000000000000000276470000000002066120005000000000043388
00600013000000000000000276480000000003830590005000000000080442
00600013000000000000000276490000000002066120005000000000043388
00600013000000000000000276500000000009966940005000000000209306
00600013000000000000000276510000000002066120005000000000043388
00600013000000000000000276520000000001074120005000000000022557
00600013000000000000000276530000000020231400005000000000424859
00600013000000000000000276540000000002365290005000000000049671
00600013000000000000000276550000000003322310005000000000069769
00600013000000000000000276560000000014297550005000000000300249
00600013000000000000000276570000000004958680005000000000104132
00600013000000000000000276580000000004958680005000000000104132
00600013000000000000000276590000000006611570005000000000138843
00600013000000000000000276600000000015459140005000000000324642
00600013000000000000000276610000000001834710005000000000038529
00600013000000000000000276620000000002066120005000000000043388
00600013000000000000000276630000000002148760005000000000045124
00600013000000000000000276640000000002677690005000000000056231
00600013000000000000000276650000000003123970005000000000065603
00600013000000000000000276660000000001818180005000000000038182
00600013000000000000000276670000000003487600005000000000073240
00600013000000000000000276680000000003429750005000000000072025
00600013000000000000000276690000000002107440005000000000044256
00600013000000000000000276700000000005404940005000000000113504
00600013000000000000000276710000000005041320005000000000105868
00600013000000000000000276720000000003371900005000000000070810
00600013000000000000000276730000000006495880005000000000136413
00600013000000000000000276740000000005561990005000000000116802
00800013000000000000000006820000000008975220005000000000188480
00800013000000000000000006830000000000783470005000000000016453
00800013000000000000000006840000000001140500005000000000023951
00800013000000000000000006850000000011611570005000000000243843
00800013000000000000000006860000000011218600005000000000235591
00100015000000000000000002270000000001971070005000000000041393
00600015000000000000000077730000000006611570005000000000138843
00600015000000000000000077740000000001289260005000000000027074
00600015000000000000000077750000000019011580005000000000399243
00600015000000000000000077760000000002677690005000000000056231
00600015000000000000000077770000000002766940005000000000058106
00600015000000000000000077780000000002082650005000000000043736
00600015000000000000000077790000000002826450005000000000059355
00600015000000000000000077800000000005702480005000000000119752
00600015000000000000000077810000000002793400005000000000058661
00600015000000000000000077820000000002892560005000000000060744
00600015000000000000000077830000000003057870005000000000064215
00600015000000000000000077840000000002892560005000000000060744
00600015000000000000000077850000000002892560005000000000060744
00600015000000000000000077860000000004165310005000000000087471
00600015000000000000000077870000000001983470005000000000041653
00600015000000000000000077880000000009214880005000000000193512
00600015000000000000000077890000000002677690005000000000056231
00600015000000000000000077900000000002479340005000000000052066
00600015000000000000000077910000000005504120005000000000115587
00600015000000000000000077920000000001487600005000000000031240
00600015000000000000000077930000000002892560005000000000060744
00600015000000000000000077940000000005008260005000000000105174
00600015000000000000000077950000000001983470005000000000041653
00600015000000000000000077960000000005867770005000000000123223
00600015000000000000000077970000000002791750005000000000058627
00600015000000000000000077980000000004710740005000000000098926
00600015000000000000000077990000000001983470005000000000041653
00600015000000000000000078000000000001983470005000000000041653
00600015000000000000000078010000000006347120005000000000133290
00600015000000000000000078020000000005206610005000000000109339
00600015000000000000000078030000000004958680005000000000104132
00600015000000000000000078040000000005057850005000000000106215
00600015000000000000000078050000000004958680005000000000104132
00600015000000000000000078060000000004958680005000000000104132
00600015000000000000000078070000000004958680005000000000104132
00600015000000000000000078080000000003954550005000000000083046
00600015000000000000000078090000000000785120005000000000016488
00600015000000000000000078100000000007185130005000000000150888
00600015000000000000000078110000000010500010005000000000220500
00600015000000000000000078120000000018595040005000000000390496
00600015000000000000000078130000000001983470005000000000041653
00600015000000000000000078140000000006743820005000000000141620
00600015000000000000000078150000000016719000005000000000351099
00600015000000000000000078160000000002186780005000000000045922
00600015000000000000000078170000000004958680005000000000104132
00600015000000000000000078180000000002181820005000000000045818
00600015000000000000000078190000000006595060005000000000138496
00600015000000000000000078200000000008003320005000000000168070
00600015000000000000000078210000000001586780005000000000033322
00600015000000000000000078220000000004958680005000000000104132
00600015000000000000000078230000000006611570005000000000138843
00600015000000000000000078240000000011980170005000000000251584
00600015000000000000000078250000000004958680005000000000104132
00600015000000000000000078260000000002082650005000000000043736
00600015000000000000000078270000000001818180005000000000038182
00600015000000000000000078280000000004800830005000000000100817
00600015000000000000000078290000000001818180005000000000038182
00600015000000000000000078300000000005590080005000000000117392
00600015000000000000000078310000000001818180005000000000038182
00600015000000000000000078320000000004328920005000000000090907
00600015000000000000000078330000000001685950005000000000035405
00600015000000000000000078340000000005040500005000000000105850
00600015000000000000000078350000000002429750005000000000051025
00600015000000000000000078360000000011697520005000000000245648
00600015000000000000000078370000000021942170005000000000460785
00600015000000000000000078380000000003957020005000000000083098
00600015000000000000000078390000000002499170005000000000052483
00600015000000000000000078400000000086662100005000000001819904
00600015000000000000000078410000000024268180005000000000509632
00600015000000000000000078420000000003264460005000000000068554
00600015000000000000000078430000000016528900005000000000347107
00600015000000000000000078440000000002628100005000000000055190
00600015000000000000000078450000000004735550005000000000099446
00600015000000000000000078460000000008264460005000000000173554
00600015000000000000000078470000000007438020005000000000156198
00600015000000000000000078480000000006148770005000000000129124
00600015000000000000000078490000000004512400005000000000094760
00600015000000000000000078500000000060069440005000000001261458
00600015000000000000000078510000000008264460005000000000173554
00600015000000000000000078520000000008743800005000000000183620
00600015000000000000000078530000000006958700005000000000146133
00600015000000000000000078540000000011080110005000000000232682
00600015000000000000000078550000000008727250005000000000183272
00600015000000000000000078560000000003719010005000000000078099
00600015000000000000000078570000000008876050005000000000186397
00600015000000000000000078580000000008264460005000000000173554
00600015000000000000000078590000000004685960005000000000098405
00600015000000000000000078600000000005095040005000000000106996
00600015000000000000000078610000000001983470005000000000041653
00600015000000000000000078620000000003867770005000000000081223
00600015000000000000000078630000000004314060005000000000090595
00600015000000000000000078640000000001983470005000000000041653
00600015000000000000000078650000000001834710005000000000038529
00600015000000000000000078660000000001983470005000000000041653
00600015000000000000000078670000000006611570005000000000138843
00600015000000000000000078680000000007899200005000000000165883
00600015000000000000000078690000000006545450005000000000137455
00600015000000000000000078700000000011227300005000000000235773
00600015000000000000000078710000000004677690005000000000098231
00600015000000000000000078720000000001983470005000000000041653
00600015000000000000000078730000000006119010005000000000128499
00600015000000000000000078740000000012776860005000000000268314
00600015000000000000000078750000000005785120005000000000121488
00600015000000000000000078760000000016115700005000000000338430
00600015000000000000000078770000000006099180005000000000128083
00600015000000000000000078780000000001983470005000000000041653
00600015000000000000000078790000000001983470005000000000041653
00600015000000000000000078800000000001983470005000000000041653
00600015000000000000000078810000000012123990005000000000254604
00600015000000000000000078820000000001983470005000000000041653
00600015000000000000000078830000000001983470005000000000041653
00600015000000000000000078840000000005846290005000000000122772
00600015000000000000000078850000000001785120005000000000037488
00600015000000000000000078860000000004165310005000000000087471
00600015000000000000000078870000000006099170005000000000128083
00600015000000000000000078880000000008628090005000000000181190
00600015000000000000000078890000000004958680005000000000104132
00600015000000000000000078900000000003471070005000000000072893
00600015000000000000000078910000000002082650005000000000043736
00600015000000000000000078920000000001239670005000000000026033
00600015000000000000000078930000000004909090005000000000103091
00600015000000000000000078940000000003636360005000000000076364
00600015000000000000000078950000000006545460005000000000137455
00600015000000000000000078960000000000694210005000000000014579
00600015000000000000000078970000000001115700005000000000023430
00600015000000000000000078980000000004512400005000000000094760
00600015000000000000000078990000000001904140005000000000039987
00600015000000000000000079000000000001874390005000000000039362
00600015000000000000000079010000000005702480005000000000119752
00600015000000000000000079020000000008082640005000000000169736
00600015000000000000000079030000000006049600005000000000127042
00600015000000000000000079040000000016958690005000000000356133
00600015000000000000000079050000000005983470005000000000125653
00600015000000000000000079060000000012148760005000000000255124
00600015000000000000000079070000000012334710005000000000259029
00600015000000000000000079080000000005355370005000000000112463
00600015000000000000000079090000000014548790005000000000305525
00600015000000000000000079100000000069485890005000000001459204
00600015000000000000000079110000000055305800005000000001161422
00600015000000000000000079120000000018942160005000000000397785
00600015000000000000000079130000000009814880005000000000206112
00600015000000000000000079140000000001983470005000000000041653
00600015000000000000000079150000000009818190005000000000206182
00600015000000000000000079160000000001983470005000000000041653
00600015000000000000000079170000000007983480005000000000167653
00600015000000000000000079180000000001735540005000000000036446
00600015000000000000000079190000000000991740005000000000020826
00600015000000000000000079200000000004958680005000000000104132
00600015000000000000000079210000000011256210005000000000236381
00600015000000000000000079220000000002647930005000000000055607
