01900002000000000000000014250000000002470780003000000000000000
01900002000000000000000014270000000031509130003000000000000000
01900002000000000000000014280000000190651660003000000000000000
01900002000000000000000014290000000200684290003000000000000000
01900002000000000000000258900000000004051250003000000000000000
00100010000000000000000097250000000260758260005000000005475924
00100010000000000000000097260000000341955370005000000007181063
00100010000000000000000097270000000041898350005000000000879865
00100010000000000000000097280000000145103040005000000003047164
00100010000000000000000097290000000109123140005000000002291586
00100010000000000000000097300000000007259500005000000000152450
00100010000000000000000097310000000016249340005000000000341236
00100010000000000000000097320000000011988420005000000000251757
00100010000000000000000097330000000038876030005000000000816397
00100010000000000000000097340000000008706600005000000000182839
00100010000000000000000097350000000030991740005000000000650826
00100010000000000000000097360000000004601650005000000000096635
00100010000000000000000097370000000056463470005000000001185733
00100010000000000000000097380000000034779340005000000000730366
00100010000000000000000097390000000034975040005000000000734476
00100010000000000000000097400000000007925620005000000000166438
00100010000000000000000097410000000009966940005000000000209306
00100010000000000000000097420000000031402310005000000000659449
00100010000000000000000097430000000098000330005000000002058007
00100010000000000000000097440000000063596690005000000001335531
00100010000000000000000097450000000107183470005000000002250853
00100010000000000000000097460000000030499840005000000000640497
00100010000000000000000097470000000007487600005000000000157240
00100010000000000000000097480000000011793390005000000000247661
00100010000000000000000097490000000011206610005000000000235339
00100010000000000000000097500000000010760330005000000000225967
00100010000000000000000097510000000005645330005000000000118552
00100010000000000000000097520000000001190080005000000000024992
00100010000000000000000097530000000021744010005000000000456624
00100010000000000000000097540000000062959460005000000001322149
00100010000000000000000097550000000036029750005000000000756625
00100010000000000000000097560000000034859500005000000000732050
00100010000000000000000097570000000005766740005000000000121101
00100010000000000000000097580000000023196690005000000000487131
00100010000000000000000097590000000190787440005000000004006536
00100010000000000000000097600000000564031070005000000011844653
00100010000000000000000097610000000002892560005000000000060744
00100010000000000000000097620000000004819830005000000000101217
00100010000000000000000097630000000020563180005000000000431827
00100010000000000000000097640000000122525210005000000002573029
00100010000000000000000097650000000036552060005000000000767593
00100010000000000000000097660000000189112640005000000003971366
00100010000000000000000097670000000121247930005000000002546207
00100010000000000000000097680000000161225600005000000003385738
00100010000000000000000097690000000045250410005000000000950259
00100010000000000000000097700000000023239670005000000000488033
00100010000000000000000097710000000020374880005000000000427872
00100010000000000000000097720000000033118020005000000000695478
00100010000000000000000097730000000066959340005000000001406146
00100010000000000000000097740000000016001650005000000000336035
00100010000000000000000097750000000137692560005000000002891544
00100010000000000000000097760000000168177640005000000003531731
00100010000000000000000097770000000002892560005000000000060744
00100010000000000000000097780000000003961980005000000000083202
00100010000000000000000097790000000069383380005000000001457051
00100010000000000000000097800000000004214880005000000000088512
00100010000000000000000097810000000028333880005000000000595012
00100010000000000000000097820000000005337270005000000000112083
00100010000000000000000097830000000013577190005000000000285121
00100010000000000000000097840000000085458680005000000001794632
00100010000000000000000097850000000068540500005000000001439350
00100010000000000000000097860000000084074380005000000001765562
00100010000000000000000097870000000092176030005000000001935697
00100010000000000000000097880000000080811570005000000001697043
00100010000000000000000097890000000047469410005000000000996858
00100010000000000000000097900000000027837430005000000000584586
00100010000000000000000097910000000056490910005000000001186309
00100010000000000000000097920000000024834710005000000000521529
00300010000000000000000006510000000021901870005000000000459939
00300010000000000000000006520000000174386280005000000003662112
00300010000000000000000006530000000109123140005000000002291586
00300010000000000000000006540000000145103040005000000003047164
00300010000000000000000006550000000041898350005000000000879865
00300010000000000000000006560000000022077690005000000000463631
00300010000000000000000006570000000018067600005000000000379420
00300010000000000000000006580000000030499840005000000000640497
00300010000000000000000006590000000063596690005000000001335531
00300010000000000000000006600000000014876030005000000000312397
00300010000000000000000006610000000031537190005000000000662281
00600010000000000000000446170000000000611570005000000000012843
00600010000000000000000446180000000004958680005000000000104132
00600010000000000000000446190000000004958680005000000000104132
00600010000000000000000446200000000004958680005000000000104132
00600010000000000000000446210000000004958680005000000000104132
00600010000000000000000446220000000004958680005000000000104132
00600010000000000000000446230000000001262810005000000000026519
00600010000000000000000446240000000004966610005000000000104299
00600010000000000000000446250000000006902480005000000000144952
00600010000000000000000446260000000011715700005000000000246030
00600010000000000000000446270000000002892560005000000000060744
00600010000000000000000446280000000006347110005000000000133289
00600010000000000000000446290000000002261160005000000000047484
00600010000000000000000446300000000001229750005000000000025825
00600010000000000000000446310000000020531570005000000000431163
00600010000000000000000446320000000011385120005000000000239088
00600010000000000000000446330000000001983470005000000000041653
00600010000000000000000446340000000003044630005000000000063937
00600010000000000000000446350000000005385120005000000000113088
00600010000000000000000446360000000011463760005000000000240739
00600010000000000000000446370000000003890910005000000000081709
00600010000000000000000446380000000009871070005000000000207293
00600010000000000000000446390000000008979340005000000000188566
00600010000000000000000446400000000014003310005000000000294069
00600010000000000000000446410000000012694220005000000000266579
00600010000000000000000446420000000003104130005000000000065187
00600010000000000000000446430000000013669140005000000000287052
00600010000000000000000446440000000010353720005000000000217428
00600010000000000000000446450000000003094210005000000000064979
00600010000000000000000446460000000002892560005000000000060744
00600010000000000000000446470000000001685950005000000000035405
00600010000000000000000446480000000007546450005000000000158475
00600010000000000000000446490000000002300830005000000000048317
00600010000000000000000446500000000020166690005000000000423501
00600010000000000000000446510000000004370450005000000000091780
00600010000000000000000446520000000001983470005000000000041653
00600010000000000000000446530000000016350410005000000000343359
00600010000000000000000446540000000014049590005000000000295041
00600010000000000000000446550000000041801030005000000000877822
00600010000000000000000446560000000023846360005000000000500774
00600010000000000000000446570000000004958680005000000000104132
00600010000000000000000446580000000014242980005000000000299102
00600010000000000000000446590000000006866780005000000000144202
00600010000000000000000446600000000013628100005000000000286190
00600010000000000000000446610000000006889260005000000000144674
00600010000000000000000446620000000022600200005000000000474604
00600010000000000000000446630000000003719010005000000000078099
00600010000000000000000446640000000013255920005000000000278374
00600010000000000000000446650000000011427520005000000000239978
00600010000000000000000446660000000004958680005000000000104132
00600010000000000000000446670000000009102890005000000000191161
00600010000000000000000446680000000004958680005000000000104132
00600010000000000000000446690000000004958680005000000000104132
00600010000000000000000446700000000004958680005000000000104132
00600010000000000000000446710000000010353720005000000000217428
00600010000000000000000446720000000004958680005000000000104132
00600010000000000000000446730000000014157020005000000000297298
00600010000000000000000446740000000002768600005000000000058141
00600010000000000000000446750000000004958680005000000000104132
00600010000000000000000446760000000000314050005000000000006595
00600010000000000000000446770000000008776860005000000000184314
00600010000000000000000446780000000003119010005000000000065499
00600010000000000000000446790000000016566570005000000000347898
00600010000000000000000446800000000004958680005000000000104132
00600010000000000000000446810000000020252560005000000000425304
00600010000000000000000446820000000000749600005000000000015742
00600010000000000000000446830000000007059500005000000000148250
00600010000000000000000446840000000004958680005000000000104132
00600010000000000000000446850000000012223600005000000000256696
00600010000000000000000446860000000004958680005000000000104132
00600010000000000000000446870000000010413220005000000000218678
00600010000000000000000446880000000013388430005000000000281157
00600010000000000000000446890000000004975210005000000000104479
00600010000000000000000446900000000000314050005000000000006595
00600010000000000000000446910000000022413220005000000000470678
00600010000000000000000446920000000005570250005000000000116975
00600010000000000000000446930000000005404960005000000000113504
00600010000000000000000446940000000017768590005000000000373140
00600010000000000000000446950000000003719010005000000000078099
00600010000000000000000446960000000026925620005000000000565438
00600010000000000000000446970000000005950410005000000000124959
00600010000000000000000446980000000004264460005000000000089554
00600010000000000000000446990000000006942150005000000000145785
00600010000000000000000447000000000000826450005000000000017355
00600010000000000000000447010000000012875370005000000000270383
00600010000000000000000447020000000001694210005000000000035579
00600010000000000000000447030000000012892560005000000000270744
00600010000000000000000447040000000002148760005000000000045124
00600010000000000000000447050000000006198350005000000000130165
00600010000000000000000447060000000034492560005000000000724344
00600010000000000000000447070000000000842980005000000000017702
00600010000000000000000447080000000004958680005000000000104132
00600010000000000000000447090000000002586780005000000000054322
00600010000000000000000447100000000002826450005000000000059355
00600010000000000000000447110000000005355370005000000000112463
00600010000000000000000447120000000016413220005000000000344678
00600010000000000000000447130000000060846280005000000001277772
00600010000000000000000447140000000057652120005000000001210694
00600010000000000000000447150000000002826450005000000000059355
00600010000000000000000447160000000013801650005000000000289835
00600010000000000000000447170000000010620660005000000000223034
00600010000000000000000447180000000001834710005000000000038529
00600010000000000000000447190000000006694210005000000000140579
00600010000000000000000447200000000007359500005000000000154550
00600010000000000000000447210000000004859500005000000000102050
00600010000000000000000447220000000004909090005000000000103091
00600010000000000000000447230000000015093800005000000000316970
00600010000000000000000447240000000002359500005000000000049550
00600010000000000000000447250000000004909090005000000000103091
00600010000000000000000447260000000015808260005000000000331974
00600010000000000000000447270000000003900830005000000000081917
00600010000000000000000447280000000004871900005000000000102310
00600010000000000000000447290000000031219830005000000000655617
00600010000000000000000447300000000005057850005000000000106215
00600010000000000000000447310000000003173550005000000000066645
00600010000000000000000447320000000004909090005000000000103091
00600010000000000000000447330000000011900830005000000000249917
00600010000000000000000447340000000006446280005000000000135372
00600010000000000000000447350000000004958680005000000000104132
00600010000000000000000447360000000022462810005000000000471719
00600010000000000000000447370000000011289260005000000000237074
00600010000000000000000447380000000001338840005000000000028116
00600010000000000000000447390000000004909090005000000000103091
00600010000000000000000447400000000001983470005000000000041653
00600010000000000000000447410000000006545450005000000000137455
00600010000000000000000447420000000005831410005000000000122460
00600010000000000000000447430000000002892560005000000000060744
00600010000000000000000447440000000030115700005000000000632430
00600010000000000000000447450000000006099170005000000000128083
00600010000000000000000447460000000003966940005000000000083306
00600010000000000000000447470000000006611570005000000000138843
00600010000000000000000447480000000025041320005000000000525868
00600010000000000000000447490000000004958680005000000000104132
00600010000000000000000447500000000001785120005000000000037488
00600010000000000000000447510000000058909090005000000001237091
00600010000000000000000447520000000006495870005000000000136413
00600010000000000000000447530000000001338840005000000000028116
00600010000000000000000447540000000007338840005000000000154116
00600010000000000000000447550000000004958680005000000000104132
00600010000000000000000447560000000002495870005000000000052413
00600010000000000000000447570000000000997520005000000000020948
00600010000000000000000447580000000008469420005000000000177858
00600010000000000000000447590000000010871070005000000000228293
00600010000000000000000447600000000000933880005000000000019612
00600010000000000000000447610000000000997520005000000000020948
00600010000000000000000447620000000004545450005000000000095455
00600010000000000000000447630000000008247930005000000000173207
00600010000000000000000447640000000007933880005000000000166612
00600010000000000000000447650000000004195040005000000000088096
00600010000000000000000447660000000001785120005000000000037488
00600010000000000000000447670000000001472730005000000000030927
00600010000000000000000447680000000002429750005000000000051025
00600010000000000000000447690000000004545450005000000000095455
00600010000000000000000447700000000004545450005000000000095455
00600010000000000000000447710000000004545450005000000000095455
00600010000000000000000447720000000047066940005000000000988406
00600010000000000000000447730000000006012400005000000000126260
00600010000000000000000447740000000010115700005000000000212430
00600010000000000000000447750000000005900830005000000000123917
00600010000000000000000447760000000029619830005000000000622017
00600010000000000000000447770000000001735540005000000000036446
00600010000000000000000447780000000000351240005000000000007376
00600010000000000000000447790000000002892560005000000000060744
00600010000000000000000447800000000000702480005000000000014752
00600010000000000000000447810000000005801650005000000000121835
00600010000000000000000447820000000005801650005000000000121835
00600010000000000000000447830000000002876030005000000000060397
00600010000000000000000447840000000002892560005000000000060744
00600010000000000000000447850000000053999260005000000001133984
00600010000000000000000447860000000035960580005000000000755172
00600010000000000000000447870000000002576860005000000000054114
00600010000000000000000447880000000011157020005000000000234298
00600010000000000000000447890000000004809920005000000000101008
00600010000000000000000447900000000002892560005000000000060744
00600010000000000000000447910000000018355370005000000000385463
00600010000000000000000447920000000010026450005000000000210555
00600010000000000000000447930000000001983470005000000000041653
00600010000000000000000447940000000001239670005000000000026033
00600010000000000000000447950000000000991740005000000000020826
00600010000000000000000447960000000010179920005000000000213778
00600010000000000000000447970000000006920080005000000000145322
00600010000000000000000447980000000002876030005000000000060397
00600010000000000000000447990000000008231410005000000000172860
00600010000000000000000448000000000008231410005000000000172860
00600010000000000000000448010000000002892560005000000000060744
00600010000000000000000448020000000003223140005000000000067686
00600010000000000000000448030000000001685950005000000000035405
00600010000000000000000448040000000006743800005000000000141620
00600010000000000000000448050000000000495870005000000000010413
00600010000000000000000448060000000002892560005000000000060744
00600010000000000000000448070000000000495870005000000000010413
00600010000000000000000448080000000004958680005000000000104132
00600010000000000000000448090000000011229750005000000000235825
00600010000000000000000448100000000004561980005000000000095802
00600010000000000000000448110000000007713220005000000000161978
00600010000000000000000448120000000000495870005000000000010413
00600010000000000000000448130000000004400050005000000000092401
00600010000000000000000448140000000016065260005000000000337370
00600010000000000000000448150000000002892560005000000000060744
00600010000000000000000448160000000004958680005000000000104132
00600010000000000000000448170000000005785120005000000000121488
00600010000000000000000448180000000005851240005000000000122876
00600010000000000000000448190000000004958680005000000000104132
00600010000000000000000448200000000002892560005000000000060744
00600010000000000000000448210000000007206610005000000000151339
00600010000000000000000448220000000000545450005000000000011455
00600010000000000000000448230000000027140500005000000000569950
00600010000000000000000448240000000007834880005000000000164532
00600010000000000000000448250000000005404960005000000000113504
00600010000000000000000448260000000005206610005000000000109339
00600010000000000000000448270000000004487600005000000000094240
00600010000000000000000448280000000006611570005000000000138843
00600010000000000000000448290000000006611570005000000000138843
00600010000000000000000448300000000001983470005000000000041653
00600010000000000000000448310000000006110380005000000000128318
00600010000000000000000448320000000051247930005000000001076207
00600010000000000000000448330000000001834710005000000000038529
00600010000000000000000448340000000004462810005000000000093719
00600010000000000000000448350000000000632230005000000000013277
00600010000000000000000448360000000004254550005000000000089345
00600010000000000000000448370000000002148760005000000000045124
00600010000000000000000448380000000001983470005000000000041653
00600010000000000000000448390000000002892560005000000000060744
00600010000000000000000448400000000002892560005000000000060744
00600010000000000000000448410000000002892560005000000000060744
00600010000000000000000448420000000002892560005000000000060744
00600010000000000000000448430000000003880170005000000000081483
00600010000000000000000448440000000013500830005000000000283517
00600010000000000000000448450000000004958680005000000000104132
00600010000000000000000448460000000005024790005000000000105521
00600010000000000000000448470000000000545450005000000000011455
00600010000000000000000448480000000009699170005000000000203683
00600010000000000000000448490000000011864500005000000000249155
00600010000000000000000448500000000008479340005000000000178066
00600010000000000000000448510000000001202480005000000000025252
00600010000000000000000448520000000012190080005000000000255992
00600010000000000000000448530000000008991740005000000000188826
00600010000000000000000448540000000002495870005000000000052413
00600010000000000000000448550000000005570250005000000000116975
00600010000000000000000448560000000002677690005000000000056231
00600010000000000000000448570000000001603310005000000000033669
00600010000000000000000448580000000027966940005000000000587306
00600010000000000000000448590000000001685950005000000000035405
00600010000000000000000448600000000004611570005000000000096843
00600010000000000000000448610000000007239670005000000000152033
00600010000000000000000448620000000011057850005000000000232215
00600010000000000000000448630000000011884710005000000000249579
00600010000000000000000448640000000009461980005000000000198702
00600010000000000000000448650000000010996690005000000000230931
00600010000000000000000448660000000010091740005000000000211926
00600010000000000000000448670000000004809920005000000000101008
00600010000000000000000448680000000009371900005000000000196810
00600010000000000000000448690000000017644300005000000000370530
00600010000000000000000448700000000002892560005000000000060744
00600010000000000000000448710000000002925620005000000000061438
00600010000000000000000448720000000002360330005000000000049567
00600010000000000000000448730000000005801650005000000000121835
00600010000000000000000448740000000032115700005000000000674430
00600010000000000000000448750000000009511570005000000000199743
00600010000000000000000448760000000001770250005000000000037175
00600010000000000000000448770000000002360330005000000000049567
00600010000000000000000448780000000014755580005000000000309867
00600010000000000000000448790000000024297520005000000000510248
00600010000000000000000448800000000018715790005000000000393031
00600010000000000000000448810000000041128930005000000000863707
00600010000000000000000448820000000009123970005000000000191603
00600010000000000000000448830000000004326450005000000000090855
00600010000000000000000448840000000016363640005000000000343636
00600010000000000000000448850000000018218800005000000000382595
00600010000000000000000448860000000006464460005000000000135754
00600010000000000000000448870000000001247000005000000000026187
00600010000000000000000448880000000011743800005000000000246620
00600010000000000000000448890000000037368590005000000000784740
00600010000000000000000448900000000002796690005000000000058731
00600010000000000000000448910000000016644630005000000000349537
00600010000000000000000448920000000023553720005000000000494628
00600010000000000000000448930000000003818180005000000000080182
00600010000000000000000448940000000012545450005000000000263455
00600010000000000000000448950000000001983470005000000000041653
00600010000000000000000448960000000001652890005000000000034711
00600010000000000000000448970000000007619830005000000000160017
00600010000000000000000448980000000005776860005000000000121314
00600010000000000000000448990000000009146280005000000000192072
00600010000000000000000449000000000001517360005000000000031864
00600010000000000000000449010000000001775280005000000000037281
00600010000000000000000449020000000016719010005000000000351099
00600010000000000000000449030000000004115700005000000000086430
00600010000000000000000449040000000003890910005000000000081709
00600010000000000000000449050000000002990080005000000000062792
00600010000000000000000449060000000002801650005000000000058835
00600010000000000000000449070000000008901650005000000000186935
00600010000000000000000449080000000016214880005000000000340512
00600010000000000000000449090000000002811570005000000000059043
00600010000000000000000449100000000012600000005000000000264600
00600010000000000000000449110000000029404960005000000000617504
00600010000000000000000449120000000001071070005000000000022493
00600010000000000000000449130000000013239670005000000000278033
00600010000000000000000449140000000027024790005000000000567521
00600010000000000000000449150000000010322310005000000000216769
00600010000000000000000449160000000003520660005000000000073934
00600010000000000000000449170000000010727270005000000000225273
00600010000000000000000449180000000004545450005000000000095455
00600010000000000000000449190000000003719010005000000000078099
00600010000000000000000449200000000004413220005000000000092678
00600010000000000000000449210000000000545450005000000000011455
00600010000000000000000449220000000031946280005000000000670872
00600010000000000000000449230000000060967770005000000001280323
00600010000000000000000449240000000051779750005000000001087375
00600010000000000000000449250000000030124130005000000000632607
00600010000000000000000449260000000010115700005000000000212430
00600010000000000000000449270000000006611570005000000000138843
00600010000000000000000449280000000005900830005000000000123917
00600010000000000000000449290000000004800770005000000000100816
00600010000000000000000449300000000011491240005000000000241316
00600010000000000000000449310000000001933880005000000000040612
00600010000000000000000449320000000001636360005000000000034364
00600010000000000000000449330000000007898700005000000000165873
00600010000000000000000449340000000004793390005000000000100661
00600010000000000000000449350000000001438020005000000000030198
00600010000000000000000449360000000001727020005000000000036267
00600010000000000000000449370000000001983470005000000000041653
00600010000000000000000449380000000014793390005000000000310661
00600010000000000000000449390000000009917360005000000000208264
00600010000000000000000449400000000001933880005000000000040612
00600010000000000000000449410000000011950410005000000000250959
00600010000000000000000449420000000023560330005000000000494767
00600010000000000000000449430000000016066120005000000000337388
00600010000000000000000449440000000020474380005000000000429962
00600010000000000000000449450000000022710740005000000000476926
00600010000000000000000449460000000016264460005000000000341554
00600010000000000000000449470000000005424790005000000000113921
00600010000000000000000449480000000008578510005000000000180149
00600010000000000000000449490000000014578510005000000000306149
00600010000000000000000449500000000005950410005000000000124959
00600010000000000000000449510000000005950410005000000000124959
00600010000000000000000449520000000000871900005000000000018310
00600010000000000000000449530000000043254550005000000000908345
00600010000000000000000449540000000045177690005000000000948731
00600010000000000000000449550000000002694220005000000000056579
00600010000000000000000449560000000002677690005000000000056231
00800010000000000000000014260000000005950410005000000000124959
00800010000000000000000014270000000005801650005000000000121835
00800010000000000000000014280000000008231410005000000000172860
00800010000000000000000014290000000005045210005000000000105949
00100011000000000000000016670000000019983470005000000000419653
00100011000000000000000016680000000028165290005000000000591471
00100011000000000000000016690000000002281010005000000000047901
00100011000000000000000016700000000007462820005000000000156719
00100011000000000000000016710000000004578510005000000000096149
00100011000000000000000016720000000033619830005000000000706017
00100011000000000000000016730000000009272730005000000000194727
00100011000000000000000016740000000093763530005000000001969034
00100011000000000000000016750000000001735540005000000000036446
00100011000000000000000016760000000005487610005000000000115240
00600011000000000000000307010000000005196690005000000000109131
00600011000000000000000307020000000007263640005000000000152537
00600011000000000000000307030000000022926310005000000000481453
00600011000000000000000307040000000004165290005000000000087471
00600011000000000000000307050000000005514040005000000000115795
00600011000000000000000307060000000004958680005000000000104132
00600011000000000000000307070000000004515700005000000000094830
00600011000000000000000307080000000001666120005000000000034989
00600011000000000000000307090000000006984290005000000000146670
00600011000000000000000307100000000018052090005000000000379094
00600011000000000000000307110000000014102480005000000000296152
00600011000000000000000307120000000010330600005000000000216943
00600011000000000000000307130000000001643790005000000000034520
00600011000000000000000307140000000034512400005000000000724760
00600011000000000000000307150000000005533880005000000000116212
00600011000000000000000307160000000004132230005000000000086777
00600011000000000000000307170000000005077690005000000000106631
00600011000000000000000307180000000009359500005000000000196550
00600011000000000000000307190000000002631410005000000000055260
00600011000000000000000307200000000009081820005000000000190718
00600011000000000000000307210000000009401670005000000000197435
00600011000000000000000307220000000003925620005000000000082438
00600011000000000000000307230000000008687620005000000000182440
00600011000000000000000307240000000001517360005000000000031864
00600011000000000000000307250000000002486780005000000000052222
00600011000000000000000307260000000004958680005000000000104132
00600011000000000000000307270000000004204950005000000000088304
00600011000000000000000307280000000009018180005000000000189382
00600011000000000000000307290000000014591750005000000000306427
00600011000000000000000307300000000012264480005000000000257554
00600011000000000000000307310000000002276030005000000000047797
00600011000000000000000307320000000004958680005000000000104132
00600011000000000000000307330000000012552070005000000000263593
00600011000000000000000307340000000001785130005000000000037488
00600011000000000000000307350000000005816540005000000000122147
00600011000000000000000307360000000004958680005000000000104132
00600011000000000000000307370000000001483470005000000000031153
00600011000000000000000307380000000007378520005000000000154949
00600011000000000000000307390000000006479350005000000000136066
00600011000000000000000307400000000004838030005000000000101599
00600011000000000000000307410000000004442980005000000000093302
00600011000000000000000307420000000005712400005000000000119960
00600011000000000000000307430000000017768600005000000000373141
00600011000000000000000307440000000003867770005000000000081223
00600011000000000000000307450000000004909090005000000000103091
00600011000000000000000307460000000004442980005000000000093302
00600011000000000000000307470000000009570250005000000000200975
00600011000000000000000307480000000002892560005000000000060744
00600011000000000000000307490000000003649590005000000000076641
00600011000000000000000307500000000002739670005000000000057533
00600011000000000000000307510000000003918180005000000000082282
00600011000000000000000307520000000005652880005000000000118710
00600011000000000000000307530000000004506610005000000000094639
00600011000000000000000307540000000000902480005000000000018952
00600011000000000000000307550000000006322310005000000000132769
00600011000000000000000307560000000017057860005000000000358215
00600011000000000000000307570000000003867770005000000000081223
00600011000000000000000307580000000004066120005000000000085388
00600011000000000000000307590000000002892560005000000000060744
00600011000000000000000307600000000001673560005000000000035145
00600011000000000000000307610000000013185970005000000000276905
00600011000000000000000307620000000003411570005000000000071643
00600011000000000000000307630000000002739670005000000000057533
00600011000000000000000307640000000050323170005000000001056787
00600011000000000000000307650000000002892560005000000000060744
00600011000000000000000307660000000003480990005000000000073101
00600011000000000000000307670000000003719010005000000000078099
00600011000000000000000307680000000007268930005000000000152647
00600011000000000000000307690000000009876040005000000000207397
00600011000000000000000307700000000001735540005000000000036446
00600011000000000000000307710000000010330600005000000000216943
00600011000000000000000307720000000005087600005000000000106840
00600011000000000000000307730000000004512390005000000000094760
00600011000000000000000307740000000013214880005000000000277512
00600011000000000000000307750000000009083480005000000000190753
00600011000000000000000307760000000003570250005000000000074975
00600011000000000000000307770000000000450410005000000000009459
00600011000000000000000307780000000002892560005000000000060744
00600011000000000000000307790000000001239680005000000000026033
00600011000000000000000307800000000000206610005000000000004339
00600011000000000000000307810000000001446280005000000000030372
00600011000000000000000307820000000001446280005000000000030372
00600011000000000000000307830000000004066120005000000000085389
00600011000000000000000307840000000005752070005000000000120793
00600011000000000000000307850000000008038020005000000000168798
00600011000000000000000307860000000004760330005000000000099967
00600011000000000000000307870000000002685950005000000000056405
00600011000000000000000307880000000014838840005000000000311616
00600011000000000000000307890000000001438020005000000000030198
00600011000000000000000307900000000003793390005000000000079661
00600011000000000000000307910000000002990080005000000000062792
00600011000000000000000307920000000004958680005000000000104132
00600011000000000000000307930000000002892560005000000000060744
00600011000000000000000307940000000000694210005000000000014579
00600011000000000000000307950000000004341320005000000000091168
00600011000000000000000307960000000000702480005000000000014752
00600011000000000000000307970000000021289300005000000000447075
00600011000000000000000307980000000001446280005000000000030372
00600011000000000000000307990000000002409090005000000000050591
00600011000000000000000308000000000005504140005000000000115587
00600011000000000000000308010000000003024300005000000000063510
00600011000000000000000308020000000021371900005000000000448810
00600011000000000000000308030000000007702480005000000000161752
00600011000000000000000308040000000008201650005000000000172235
00600011000000000000000308050000000002892560005000000000060744
00600011000000000000000308060000000008235550005000000000172946
00600011000000000000000308070000000005966940005000000000125306
00600011000000000000000308080000000003322310005000000000069769
00600011000000000000000308090000000005603310005000000000117669
00600011000000000000000308100000000004172730005000000000087627
00600011000000000000000308110000000006109080005000000000128291
00600011000000000000000308120000000005057850005000000000106215
00600011000000000000000308130000000010413260005000000000218679
00600011000000000000000308140000000006462810005000000000135719
00600011000000000000000308150000000000793390005000000000016661
00600011000000000000000308160000000006253140005000000000131316
00600011000000000000000308170000000003537190005000000000074281
00600011000000000000000308180000000005609920005000000000117808
00600011000000000000000308190000000005082640005000000000106736
00600011000000000000000308200000000006337190005000000000133081
00600011000000000000000308210000000005495880005000000000115413
00600011000000000000000308220000000002892560005000000000060744
00600011000000000000000308230000000003719010005000000000078099
00600011000000000000000308240000000002892560005000000000060744
00600011000000000000000308250000000006738850005000000000141516
00600011000000000000000308260000000023551250005000000000494576
00600011000000000000000308270000000010442980005000000000219303
00600011000000000000000308280000000007652900005000000000160711
00600011000000000000000308290000000000812610005000000000017065
00600011000000000000000308300000000022859530005000000000480050
00600011000000000000000308310000000001239670005000000000026033
00600011000000000000000308320000000023549870005000000000494547
00600011000000000000000308330000000001446280005000000000030372
00600011000000000000000308340000000001735540005000000000036446
00600011000000000000000308350000000018089240005000000000379874
00600011000000000000000308360000000006198340005000000000130165
00600011000000000000000308370000000007388430005000000000155157
00600011000000000000000308380000000001348760005000000000028324
00600011000000000000000308390000000001943800005000000000040820
00600011000000000000000308400000000000230480005000000000004840
00600011000000000000000308410000000002231410005000000000046860
00600011000000000000000308420000000006495870005000000000136413
00600011000000000000000308430000000002528930005000000000053107
00600011000000000000000308440000000005851230005000000000122876
00600011000000000000000308450000000000409590005000000000008601
00600011000000000000000308460000000009282650005000000000194936
00600011000000000000000308470000000013388450005000000000281157
00600011000000000000000308480000000004958680005000000000104132
00600011000000000000000308490000000008776860005000000000184314
00600011000000000000000308500000000001834710005000000000038529
00600011000000000000000308510000000013269420005000000000278658
00600011000000000000000308520000000012570230005000000000263975
00600011000000000000000308530000000015282640005000000000320935
00600011000000000000000308540000000002892560005000000000060744
00600011000000000000000308550000000006165290005000000000129471
00600011000000000000000308560000000000431570005000000000009063
00600011000000000000000308570000000001983470005000000000041653
00600011000000000000000308580000000003838020005000000000080599
00600011000000000000000308590000000002677690005000000000056231
00600011000000000000000308600000000004723140005000000000099186
00600011000000000000000308610000000000665290005000000000013971
00600011000000000000000308620000000001383470005000000000029053
00600011000000000000000308630000000007051240005000000000148076
00600011000000000000000308640000000014876030005000000000312397
00600011000000000000000308650000000002892560005000000000060744
00600011000000000000000308660000000012099190005000000000254083
00600011000000000000000308670000000001983470005000000000041653
00600011000000000000000308680000000002892560005000000000060744
00600011000000000000000308690000000006066120005000000000127388
00600011000000000000000308700000000001157030005000000000024298
00600011000000000000000308710000000003838020005000000000080599
00600011000000000000000308720000000003719010005000000000078099
00600011000000000000000308730000000007190080005000000000150992
00600011000000000000000308740000000006545450005000000000137455
00600011000000000000000308750000000005623160005000000000118086
00600011000000000000000308760000000005623160005000000000118086
00600011000000000000000308770000000006611570005000000000138843
00600011000000000000000308780000000002826450005000000000059355
00600011000000000000000308790000000011289260005000000000237075
00600011000000000000000308800000000002892560005000000000060744
00600011000000000000000308810000000002892560005000000000060744
00600011000000000000000308820000000008033060005000000000168694
00600011000000000000000308830000000002925620005000000000061438
00600011000000000000000308840000000000925620005000000000019438
00600011000000000000000308850000000010136780005000000000212872
00600011000000000000000308860000000021282600005000000000446935
00600011000000000000000308870000000004561980005000000000095802
00600011000000000000000308880000000003822310005000000000080269
00600011000000000000000308890000000003768600005000000000079141
00600011000000000000000308900000000001239670005000000000026033
00600011000000000000000308910000000000309920005000000000006508
00600011000000000000000308920000000008975210005000000000188479
00600011000000000000000308930000000001969640005000000000041362
00600011000000000000000308940000000004958680005000000000104132
00600011000000000000000308950000000008841330005000000000185668
00600011000000000000000308960000000005444640005000000000114337
00600011000000000000000308970000000010710740005000000000224925
00600011000000000000000308980000000007586780005000000000159322
00600011000000000000000308990000000006106610005000000000128239
00600011000000000000000309000000000000632230005000000000013277
00600011000000000000000309010000000001487600005000000000031240
00600011000000000000000309020000000004958680005000000000104132
00600011000000000000000309030000000004958680005000000000104132
00600011000000000000000309040000000007586780005000000000159322
00600011000000000000000309050000000002892560005000000000060744
00600011000000000000000309060000000008628100005000000000181190
00600011000000000000000309070000000001467770005000000000030823
00600011000000000000000309080000000001446280005000000000030372
00600011000000000000000309090000000005872730005000000000123327
00600011000000000000000309100000000001487600005000000000031240
00600011000000000000000309110000000010561980005000000000221801
00600011000000000000000309120000000011157060005000000000234298
00600011000000000000000309130000000002082650005000000000043736
00600011000000000000000309140000000002082650005000000000043736
00600011000000000000000309150000000014446310005000000000303373
00600011000000000000000309160000000001338840005000000000028116
00600011000000000000000309170000000001517360005000000000031864
00600011000000000000000309180000000001446280005000000000030372
00600011000000000000000309190000000005667770005000000000119023
00600011000000000000000309200000000008830280005000000000185436
00600011000000000000000309210000000009773550005000000000205244
00600011000000000000000309220000000002892560005000000000060744
00600011000000000000000309230000000002892560005000000000060744
00600011000000000000000309240000000001446280005000000000030372
00600011000000000000000309250000000000450410005000000000009459
00600011000000000000000309260000000001388430005000000000029157
00600011000000000000000309270000000000351240005000000000007376
00600011000000000000000309280000000013325630005000000000279838
00600011000000000000000309290000000001919010005000000000040299
00600011000000000000000309300000000000741180005000000000015565
00600011000000000000000309310000000007430590005000000000156042
00600011000000000000000309320000000006090080005000000000127892
00600011000000000000000309330000000006611570005000000000138843
00600011000000000000000309340000000002892560005000000000060744
00600011000000000000000309350000000005867770005000000000123223
00600011000000000000000309360000000003070250005000000000064475
00600011000000000000000309370000000006440510005000000000135251
00600011000000000000000309380000000002892560005000000000060744
00600011000000000000000309390000000003024790005000000000063521
00600011000000000000000309400000000004958680005000000000104132
00600011000000000000000309410000000004958680005000000000104132
00600011000000000000000309420000000003793390005000000000079661
00600011000000000000000309430000000000770250005000000000016175
00600011000000000000000309440000000005752070005000000000120793
00600011000000000000000309450000000001983470005000000000041653
00600011000000000000000309460000000004611570005000000000096843
00600011000000000000000309470000000007884320005000000000165571
00600011000000000000000309480000000004958680005000000000104132
00600011000000000000000309490000000006000000005000000000126000
00600011000000000000000309500000000006545450005000000000137455
00600011000000000000000309510000000013239680005000000000278033
00600011000000000000000309520000000003416530005000000000071747
00600011000000000000000309530000000006738840005000000000141516
00600011000000000000000309540000000002404960005000000000050504
00600011000000000000000309550000000002181820005000000000045818
00600011000000000000000309560000000012396690005000000000260331
00600011000000000000000309570000000010552080005000000000221594
00600011000000000000000309580000000002434710005000000000051129
00600011000000000000000309590000000002733450005000000000057403
00600011000000000000000309600000000005314040005000000000111595
00600011000000000000000309610000000024214900005000000000508513
00600011000000000000000309620000000002360330005000000000049567
00600011000000000000000309630000000004958680005000000000104132
00600011000000000000000309640000000000351240005000000000007376
00600011000000000000000309650000000004958680005000000000104132
00600011000000000000000309660000000002132230005000000000044777
00600011000000000000000309670000000013121710005000000000275556
00600011000000000000000309680000000003148760005000000000066124
00600011000000000000000309690000000007095060005000000000148996
00600011000000000000000309700000000001561980005000000000032802
00600011000000000000000309710000000001202480005000000000025252
00600011000000000000000309720000000004793390005000000000100661
00600011000000000000000309730000000010413260005000000000218679
00600011000000000000000309740000000024153170005000000000507217
00600011000000000000000309750000000006049600005000000000127042
00600011000000000000000309760000000003768600005000000000079141
00600011000000000000000309770000000003471070005000000000072893
00600011000000000000000309780000000005890910005000000000123709
00600011000000000000000309790000000015298350005000000000321265
00600011000000000000000309800000000020446280005000000000429372
00600011000000000000000309810000000005355370005000000000112463
00600011000000000000000309820000000000270740005000000000005686
00600011000000000000000309830000000006611570005000000000138843
00600011000000000000000309840000000002052890005000000000043111
00600011000000000000000309850000000020643930005000000000433523
00600011000000000000000309860000000025933880005000000000544612
00600011000000000000000309870000000005702480005000000000119752
00600011000000000000000309880000000011107440005000000000233256
00600011000000000000000309890000000005851240005000000000122876
00600011000000000000000309900000000005785120005000000000121488
00600011000000000000000309910000000001983470005000000000041653
00600011000000000000000309920000000004958680005000000000104132
00600011000000000000000309930000000006099170005000000000128083
00600011000000000000000309940000000001685950005000000000035405
00600011000000000000000309950000000016019220005000000000336404
00600011000000000000000309960000000006537190005000000000137281
00600011000000000000000309970000000006537190005000000000137281
00600011000000000000000309980000000005041340005000000000105868
00600011000000000000000309990000000015173570005000000000318645
00600011000000000000000310000000000005454540005000000000114545
00600011000000000000000310010000000000381820005000000000008018
00600011000000000000000310020000000026768640005000000000562142
00600011000000000000000310030000000013745450005000000000288655
00600011000000000000000310040000000004958680005000000000104132
00600011000000000000000310050000000001016530005000000000021347
00600011000000000000000310060000000006743800005000000000141620
00800011000000000000000008370000000000206610005000000000004339
00800011000000000000000008380000000001016530005000000000021347
00800011000000000000000008390000000005623160005000000000118086
00800011000000000000000008400000000002082650005000000000043736
00800011000000000000000008410000000000450410005000000000009459
00100012000000000000000012160000000001148760005000000000024124
00100012000000000000000012170000000022895930005000000000480814
00100012000000000000000012180000000017057900005000000000358216
00100012000000000000000012190000000003719010005000000000078099
00100012000000000000000012200000000040343810005000000000847220
00100012000000000000000012210000000014735540005000000000309446
00100012000000000000000012220000000004214880005000000000088512
00100012000000000000000012230000000006247960005000000000131207
00100012000000000000000012240000000011665290005000000000244971
00100012000000000000000012250000000015173560005000000000318645
00100012000000000000000012260000000006082650005000000000127736
00100012000000000000000012270000000008231410005000000000172860
00100012000000000000000012280000000006289260005000000000132074
00100012000000000000000012290000000004611570005000000000096843
00100012000000000000000012300000000023107430005000000000485256
00100012000000000000000012310000000014347140005000000000301290
00100012000000000000000012320000000002826450005000000000059355
00300012000000000000000000450000000040343810005000000000847220
00600012000000000000000232170000000005160190005000000000108364
00600012000000000000000232180000000005959500005000000000125149
00600012000000000000000232190000000006399990005000000000134400
00600012000000000000000232200000000005487600005000000000115240
00600012000000000000000232210000000006148760005000000000129124
00600012000000000000000232220000000005355380005000000000112463
00600012000000000000000232230000000008013220005000000000168278
00600012000000000000000232240000000007457850005000000000156615
00600012000000000000000232250000000003728930005000000000078307
00600012000000000000000232260000000020152090005000000000423194
00600012000000000000000232270000000002975210005000000000062479
00600012000000000000000232280000000004667770005000000000098023
00600012000000000000000232290000000002380170005000000000049983
00600012000000000000000232300000000002737190005000000000057481
00600012000000000000000232310000000004545450005000000000095455
00600012000000000000000232320000000002148760005000000000045124
00600012000000000000000232330000000004545450005000000000095455
00600012000000000000000232340000000004545450005000000000095455
00600012000000000000000232350000000012211570005000000000256443
00600012000000000000000232360000000005613220005000000000117878
00600012000000000000000232370000000004958680005000000000104132
00600012000000000000000232380000000002429750005000000000051025
00600012000000000000000232390000000001190080005000000000024992
00600012000000000000000232400000000005831410005000000000122460
00600012000000000000000232410000000001467770005000000000030823
00600012000000000000000232420000000003451240005000000000072476
00600012000000000000000232430000000002221490005000000000046651
00600012000000000000000232440000000004545450005000000000095455
00600012000000000000000232450000000002697530005000000000056648
00600012000000000000000232460000000028348750005000000000595324
00600012000000000000000232470000000007518180005000000000157882
00600012000000000000000232480000000009163640005000000000192436
00600012000000000000000232490000000004998370005000000000104966
00600012000000000000000232500000000002988430005000000000062757
00600012000000000000000232510000000004958680005000000000104132
00600012000000000000000232520000000001388430005000000000029157
00600012000000000000000232530000000003729750005000000000078325
00600012000000000000000232540000000004958680005000000000104132
00600012000000000000000232550000000013710770005000000000287926
00600012000000000000000232560000000006704140005000000000140787
00600012000000000000000232570000000009798350005000000000205765
00600012000000000000000232580000000004958680005000000000104132
00600012000000000000000232590000000012357020005000000000259498
00600012000000000000000232600000000002677690005000000000056231
00600012000000000000000232610000000001611570005000000000033843
00600012000000000000000232620000000003570250005000000000074975
00600012000000000000000232630000000002856200005000000000059980
00600012000000000000000232640000000001611570005000000000033843
00600012000000000000000232650000000006743810005000000000141620
00600012000000000000000232660000000010561980005000000000221801
00600012000000000000000232670000000004545450005000000000095455
00600012000000000000000232680000000005206610005000000000109339
00600012000000000000000232690000000005038020005000000000105798
00600012000000000000000232700000000008383490005000000000176053
00600012000000000000000232710000000001943800005000000000040820
00600012000000000000000232720000000001738840005000000000036516
00600012000000000000000232730000000012561980005000000000263802
00600012000000000000000232740000000012231420005000000000256860
00600012000000000000000232750000000004958680005000000000104132
00600012000000000000000232760000000002479340005000000000052066
00600012000000000000000232770000000004958680005000000000104132
00600012000000000000000232780000000001611570005000000000033843
00600012000000000000000232790000000001611570005000000000033843
00600012000000000000000232800000000005157020005000000000108298
00600012000000000000000232810000000018942170005000000000397785
00600012000000000000000232820000000004247930005000000000089207
00600012000000000000000232830000000004826450005000000000101355
00600012000000000000000232840000000005851250005000000000122876
00600012000000000000000232850000000002677690005000000000056231
00600012000000000000000232860000000004958680005000000000104132
00600012000000000000000232870000000000925620005000000000019438
00600012000000000000000232880000000007140500005000000000149950
00600012000000000000000232890000000009090910005000000000190909
00600012000000000000000232900000000004958680005000000000104132
00600012000000000000000232910000000007056210005000000000148180
00600012000000000000000232920000000002479340005000000000052066
00600012000000000000000232930000000002479340005000000000052066
00600012000000000000000232940000000002892560005000000000060744
00600012000000000000000232950000000006545460005000000000137455
00600012000000000000000232960000000004173550005000000000087644
00600012000000000000000232970000000005140510005000000000107951
00600012000000000000000232980000000000545450005000000000011455
00600012000000000000000232990000000001834710005000000000038529
00600012000000000000000233000000000004958680005000000000104132
00600012000000000000000233010000000003004130005000000000063087
00600012000000000000000233020000000003570260005000000000074975
00600012000000000000000233030000000009476040005000000000198997
00600012000000000000000233040000000014380370005000000000301988
00600012000000000000000233050000000013190080005000000000276992
00600012000000000000000233060000000007586770005000000000159322
00600012000000000000000233070000000005404960005000000000113504
00600012000000000000000233080000000001943800005000000000040820
00600012000000000000000233090000000009619850005000000000202017
00600012000000000000000233100000000007081000005000000000148701
00600012000000000000000233110000000004061160005000000000085284
00600012000000000000000233120000000004958680005000000000104132
00600012000000000000000233130000000005454550005000000000114546
00600012000000000000000233140000000002209100005000000000046391
00600012000000000000000233150000000007809910005000000000164008
00600012000000000000000233160000000002479340005000000000052066
00600012000000000000000233170000000001446280005000000000030372
00600012000000000000000233180000000015239670005000000000320033
00600012000000000000000233190000000015595050005000000000327496
00600012000000000000000233200000000001348760005000000000028324
00600012000000000000000233210000000014462810005000000000303719
00600012000000000000000233220000000001239670005000000000026033
00600012000000000000000233230000000007355380005000000000154463
00600012000000000000000233240000000008132240005000000000170777
00600012000000000000000233250000000018727420005000000000393276
00600012000000000000000233260000000015880170005000000000333483
00600012000000000000000233270000000001851240005000000000038876
00600012000000000000000233280000000005310740005000000000111525
00600012000000000000000233290000000007438020005000000000156199
00600012000000000000000233300000000001446280005000000000030372
00600012000000000000000233310000000017251220005000000000362276
00600012000000000000000233320000000004909090005000000000103091
00600012000000000000000233330000000004958680005000000000104132
00600012000000000000000233340000000001483470005000000000031153
00600012000000000000000233350000000009814870005000000000206112
00600012000000000000000233360000000019655340005000000000412762
00600012000000000000000233370000000019655340005000000000412762
00600012000000000000000233380000000004195050005000000000088096
00600012000000000000000233390000000004165310005000000000087471
00600012000000000000000233400000000014776860005000000000310314
00600012000000000000000233410000000008873560005000000000186345
00600012000000000000000233420000000006611570005000000000138843
00600012000000000000000233430000000004545460005000000000095455
00600012000000000000000233440000000001735540005000000000036446
00600012000000000000000233450000000006694210005000000000140579
00600012000000000000000233460000000007933900005000000000166612
00600012000000000000000233470000000005950420005000000000124959
00600012000000000000000233480000000001446280005000000000030372
00600012000000000000000233490000000004958680005000000000104132
00600012000000000000000233500000000004958680005000000000104132
00600012000000000000000233510000000009090910005000000000190909
00600012000000000000000233520000000001446280005000000000030372
00600012000000000000000233530000000001943800005000000000040820
00600012000000000000000233540000000007388430005000000000155157
00600012000000000000000233550000000004909090005000000000103091
00600012000000000000000233560000000015561980005000000000326802
00600012000000000000000233570000000010140500005000000000212950
00600012000000000000000233580000000010125660005000000000212639
00600012000000000000000233590000000005107440005000000000107256
00600012000000000000000233600000000001446280005000000000030372
00600012000000000000000233610000000001446280005000000000030372
00600012000000000000000233620000000002892560005000000000060744
00600012000000000000000233630000000001446280005000000000030372
00600012000000000000000233640000000004067790005000000000085423
00600012000000000000000233650000000001446280005000000000030372
00600012000000000000000233660000000009181830005000000000192818
00600012000000000000000233670000000001082650005000000000022736
00600012000000000000000233680000000001446280005000000000030372
00600012000000000000000233690000000001685950005000000000035405
00600012000000000000000233700000000007917360005000000000166265
00600012000000000000000233710000000004958680005000000000104132
00600012000000000000000233720000000006872730005000000000144327
00600012000000000000000233730000000014995910005000000000314914
00600012000000000000000233740000000006776040005000000000142297
00600012000000000000000233750000000002320660005000000000048734
00600012000000000000000233760000000001446280005000000000030372
00600012000000000000000233770000000003882640005000000000081536
00600012000000000000000233780000000005542980005000000000116403
00600012000000000000000233790000000003000000005000000000063000
00600012000000000000000233800000000002413220005000000000050678
00600012000000000000000233810000000005042980005000000000105903
00600012000000000000000233820000000003421490005000000000071851
00600012000000000000000233830000000007983470005000000000167653
00600012000000000000000233840000000002220250005000000000046625
00600012000000000000000233850000000009256200005000000000194380
00600012000000000000000233860000000002082650005000000000043736
00600012000000000000000233870000000002945450005000000000061855
00600012000000000000000233880000000004545460005000000000095455
00600012000000000000000233890000000011537190005000000000242281
00600012000000000000000233900000000010657030005000000000223798
00600012000000000000000233910000000001487600005000000000031240
00600012000000000000000233920000000002975210005000000000062479
00600012000000000000000233930000000001487600005000000000031240
00600012000000000000000233940000000002892560005000000000060744
00600012000000000000000233950000000001446280005000000000030372
00600012000000000000000233960000000001249590005000000000026241
00600012000000000000000233970000000002578510005000000000054149
00600012000000000000000233980000000001289260005000000000027074
00600012000000000000000233990000000019741390005000000000414569
00600012000000000000000234000000000003272730005000000000068727
00600012000000000000000234010000000010776850005000000000226314
00600012000000000000000234020000000001446280005000000000030372
00600012000000000000000234030000000004958680005000000000104132
00600012000000000000000234040000000017900830005000000000375918
00600012000000000000000234050000000003223140005000000000067686
00600012000000000000000234060000000010793670005000000000226667
00600012000000000000000234070000000003479340005000000000073066
00600012000000000000000234080000000002578520005000000000054149
00600012000000000000000234090000000004958680005000000000104132
00600012000000000000000234100000000001472730005000000000030927
00600012000000000000000234110000000004958680005000000000104132
00600012000000000000000234120000000001983470005000000000041653
00600012000000000000000234130000000001472730005000000000030927
00600012000000000000000234140000000003518190005000000000073882
00600012000000000000000234150000000008892560005000000000186744
00600012000000000000000234160000000020231400005000000000424859
00600012000000000000000234170000000001983470005000000000041653
00600012000000000000000234180000000003578510005000000000075149
00600012000000000000000234190000000010933910005000000000229612
00600012000000000000000234200000000005652890005000000000118711
00600012000000000000000234210000000004512390005000000000094760
00600012000000000000000234220000000006743800005000000000141620
00600012000000000000000234230000000004462820005000000000093719
00600012000000000000000234240000000006823140005000000000143286
00600012000000000000000234250000000009213240005000000000193478
00600012000000000000000234260000000004909090005000000000103091
00600012000000000000000234270000000007785120005000000000163487
00600012000000000000000234280000000001611570005000000000033843
00600012000000000000000234290000000001933880005000000000040611
00600012000000000000000234300000000001983470005000000000041653
00600012000000000000000234310000000007103310005000000000149169
00600012000000000000000234320000000002082650005000000000043736
00600012000000000000000234330000000007338830005000000000154115
00600012000000000000000234340000000001446280005000000000030372
00600012000000000000000234350000000006644620005000000000139537
00600012000000000000000234360000000002628100005000000000055190
00600012000000000000000234370000000001606610005000000000033739
00600012000000000000000234380000000002148760005000000000045124
00600012000000000000000234390000000006859500005000000000144050
00600012000000000000000234400000000002479340005000000000052066
00600012000000000000000234410000000004958680005000000000104132
00600012000000000000000234420000000001446280005000000000030372
00600012000000000000000234430000000006527410005000000000137076
00600012000000000000000234440000000006743800005000000000141620
00600012000000000000000234450000000011735540005000000000246446
00600012000000000000000234460000000010876020005000000000228396
00600012000000000000000234470000000002975200005000000000062479
00600012000000000000000234480000000005752070005000000000120793
00600012000000000000000234490000000003391740005000000000071227
00600012000000000000000234500000000001446280005000000000030372
00600012000000000000000234510000000004958680005000000000104132
00600012000000000000000234520000000004694210005000000000098579
00600012000000000000000234530000000002925620005000000000061438
00600012000000000000000234540000000001446280005000000000030372
00600012000000000000000234550000000001446280005000000000030372
00600012000000000000000234560000000008132230005000000000170777
00600012000000000000000234570000000002892560005000000000060744
00600012000000000000000234580000000003818180005000000000080182
00600012000000000000000234590000000002008270005000000000042174
00600012000000000000000234600000000002826450005000000000059355
00600012000000000000000234610000000005325630005000000000111838
00600012000000000000000234620000000004223140005000000000088686
00600012000000000000000234630000000004958680005000000000104132
00600012000000000000000234640000000001446280005000000000030372
00600012000000000000000234650000000003742740005000000000078598
00600012000000000000000234660000000004363640005000000000091637
00600012000000000000000234670000000009714060005000000000203995
00600012000000000000000234680000000001446280005000000000030372
00600012000000000000000234690000000003421500005000000000071851
00600012000000000000000234700000000002698350005000000000056665
00600012000000000000000234710000000005264460005000000000110554
00600012000000000000000234720000000006198350005000000000130165
00600012000000000000000234730000000006495870005000000000136413
00600012000000000000000234740000000001446280005000000000030372
00600012000000000000000234750000000006619850005000000000139017
00600012000000000000000234760000000004545450005000000000095455
00600012000000000000000234770000000004958680005000000000104132
00600012000000000000000234780000000001446280005000000000030372
00600012000000000000000234790000000001446280005000000000030372
00600012000000000000000234800000000001330580005000000000027942
00600012000000000000000234810000000005768600005000000000121141
00600012000000000000000234820000000006297520005000000000132248
00600012000000000000000234830000000005603310005000000000117669
00600012000000000000000234840000000006611570005000000000138843
00600012000000000000000234850000000004280990005000000000089901
00600012000000000000000234860000000002148760005000000000045124
00600012000000000000000234870000000007487600005000000000157240
00600012000000000000000234880000000003525630005000000000074038
00600012000000000000000234890000000002082650005000000000043736
00600012000000000000000234900000000021879320005000000000459466
00600012000000000000000234910000000002148760005000000000045124
00600012000000000000000234920000000004958680005000000000104132
00600012000000000000000234930000000001983470005000000000041653
00600012000000000000000234940000000004958680005000000000104132
00600012000000000000000234950000000006694210005000000000140579
00600012000000000000000234960000000001553720005000000000032628
00600012000000000000000234970000000003302480005000000000069352
00600012000000000000000234980000000007475220005000000000156980
00600012000000000000000234990000000004958680005000000000104132
00600012000000000000000235000000000005355370005000000000112463
00600012000000000000000235010000000007785120005000000000163487
00600012000000000000000235020000000017603360005000000000369670
00600012000000000000000235030000000004264460005000000000089554
00600012000000000000000235040000000007566930005000000000158906
00600012000000000000000235050000000000082640005000000000001736
00600012000000000000000235060000000008033050005000000000168694
00600012000000000000000235070000000001487600005000000000031240
00600012000000000000000235080000000003436370005000000000072164
00600012000000000000000235090000000006892550005000000000144744
00600012000000000000000235100000000006016520005000000000126347
00600012000000000000000235110000000024214880005000000000508512
00600012000000000000000235120000000005107440005000000000107256
00600012000000000000000235130000000016314040005000000000342595
00600012000000000000000235140000000013357870005000000000280515
00600012000000000000000235150000000006094210005000000000127979
00600012000000000000000235160000000003223140005000000000067686
00600012000000000000000235170000000108053720005000000002269128
00600012000000000000000235180000000011454550005000000000240545
00600012000000000000000235190000000002281010005000000000047901
00600012000000000000000235200000000005652890005000000000118711
00600012000000000000000235210000000002628100005000000000055190
00600012000000000000000235220000000002231400005000000000046860
00600012000000000000000235230000000004284300005000000000089970
00600012000000000000000235240000000004958680005000000000104132
00600012000000000000000235250000000007289260005000000000153075
00600012000000000000000235260000000001983470005000000000041653
00600012000000000000000235270000000001517360005000000000031864
00600012000000000000000235280000000003818180005000000000080182
00600012000000000000000235290000000004776870005000000000100314
00600012000000000000000235300000000008471070005000000000177893
00600012000000000000000235310000000003719020005000000000078099
00600012000000000000000235320000000004105790005000000000086222
00600012000000000000000235330000000006342980005000000000133202
00600012000000000000000235340000000006611570005000000000138843
00600012000000000000000235350000000001204960005000000000025304
00600012000000000000000235360000000014157020005000000000297298
00600012000000000000000235370000000016512360005000000000346760
00600012000000000000000235380000000012495880005000000000262414
00600012000000000000000235390000000003570250005000000000074975
00600012000000000000000235400000000013173560005000000000276645
00600012000000000000000235410000000003818180005000000000080182
00600012000000000000000235420000000002148760005000000000045124
00600012000000000000000235430000000007487600005000000000157240
00600012000000000000000235440000000001983470005000000000041653
00600012000000000000000235450000000002892560005000000000060744
00600012000000000000000235460000000002892560005000000000060744
00600012000000000000000235470000000003748780005000000000078724
00600012000000000000000235480000000004958680005000000000104132
00600012000000000000000235490000000003123970005000000000065603
00600012000000000000000235500000000001160330005000000000024367
00600012000000000000000235510000000004462800005000000000093719
00600012000000000000000235520000000003235530005000000000067946
00600012000000000000000235530000000006467790005000000000135823
00600012000000000000000235540000000003024790005000000000063521
00600012000000000000000235550000000007685950005000000000161405
00600012000000000000000235560000000006611570005000000000138843
00600012000000000000000235570000000027857680005000000000585011
00600012000000000000000235580000000026054720005000000000547149
00600012000000000000000235590000000005504130005000000000115587
00600012000000000000000235600000000002148760005000000000045124
00600012000000000000000235610000000006165290005000000000129471
00600012000000000000000235620000000006636360005000000000139364
00600012000000000000000235630000000008132210005000000000170777
00600012000000000000000235640000000005305770005000000000111421
00600012000000000000000235650000000004363640005000000000091636
00600012000000000000000235660000000007884300005000000000165570
00600012000000000000000235670000000002628100005000000000055190
00600012000000000000000235680000000001685950005000000000035405
00600012000000000000000235690000000008123990005000000000170604
00600012000000000000000235700000000016743790005000000000351620
00800012000000000000000007420000000015239670005000000000320033
00800012000000000000000007430000000019655340005000000000412762
00800012000000000000000007440000000007785120005000000000163487
00800012000000000000000007450000000001442980005000000000030303
00800012000000000000000007460000000004363640005000000000091636
00100013000000000000000010970000000005090910005000000000106909
00100013000000000000000010980000000003334720005000000000070029
00100013000000000000000010990000000003553720005000000000074628
00100013000000000000000011000000000008958680005000000000188132
00100013000000000000000011010000000001115700005000000000023430
00600013000000000000000272510000000004958680005000000000104132
00600013000000000000000272520000000024687620005000000000518440
00600013000000000000000272530000000031738020005000000000666498
00600013000000000000000272540000000014581010005000000000306201
00600013000000000000000272550000000005366940005000000000112706
00600013000000000000000272560000000016119030005000000000338500
00600013000000000000000272570000000004958680005000000000104132
00600013000000000000000272580000000002082650005000000000043736
00600013000000000000000272590000000002574380005000000000054062
00600013000000000000000272600000000007365300005000000000154671
00600013000000000000000272610000000001871900005000000000039310
00600013000000000000000272620000000012089270005000000000253875
00600013000000000000000272630000000000247930005000000000005207
00600013000000000000000272640000000003173550005000000000066645
00600013000000000000000272650000000004958680005000000000104132
00600013000000000000000272660000000004165310005000000000087471
00600013000000000000000272670000000001467770005000000000030823
00600013000000000000000272680000000001943800005000000000040820
00600013000000000000000272690000000000165290005000000000003471
00600013000000000000000272700000000002066120005000000000043388
00600013000000000000000272710000000003074380005000000000064562
00600013000000000000000272720000000004528930005000000000095107
00600013000000000000000272730000000000966940005000000000020306
00600013000000000000000272740000000014241320005000000000299068
00600013000000000000000272750000000005015710005000000000105330
00600013000000000000000272760000000002082650005000000000043736
00600013000000000000000272770000000004078510005000000000085649
00600013000000000000000272780000000003471080005000000000072893
00600013000000000000000272790000000005900830005000000000123917
00600013000000000000000272800000000007289260005000000000153074
00600013000000000000000272810000000001921490005000000000040351
00600013000000000000000272820000000018033060005000000000378694
00600013000000000000000272830000000003867770005000000000081223
00600013000000000000000272840000000007629770005000000000160225
00600013000000000000000272850000000015123980005000000000317604
00600013000000000000000272860000000017644630005000000000370537
00600013000000000000000272870000000012851240005000000000269876
00600013000000000000000272880000000003884300005000000000081570
00600013000000000000000272890000000006198340005000000000130165
00600013000000000000000272900000000004958680005000000000104132
00600013000000000000000272910000000002892560005000000000060744
00600013000000000000000272920000000006942130005000000000145785
00600013000000000000000272930000000004239660005000000000089033
00600013000000000000000272940000000002776860005000000000058314
00600013000000000000000272950000000001636360005000000000034364
00600013000000000000000272960000000003421490005000000000071851
00600013000000000000000272970000000003016530005000000000063347
00600013000000000000000272980000000012519000005000000000262899
00600013000000000000000272990000000000925620005000000000019438
00600013000000000000000273000000000003173550005000000000066645
00600013000000000000000273010000000005371900005000000000112810
00600013000000000000000273020000000002979340005000000000062566
00600013000000000000000273030000000000355370005000000000007463
00600013000000000000000273040000000003867770005000000000081223
00600013000000000000000273050000000003768600005000000000079141
00600013000000000000000273060000000009892560005000000000207744
00600013000000000000000273070000000005289260005000000000111074
00600013000000000000000273080000000006983450005000000000146653
00600013000000000000000273090000000002388430005000000000050157
00600013000000000000000273100000000001933880005000000000040611
00600013000000000000000273110000000003024790005000000000063521
00600013000000000000000273120000000005437190005000000000114181
00600013000000000000000273130000000007983480005000000000167653
00600013000000000000000273140000000002950410005000000000061959
00600013000000000000000273150000000007765300005000000000163071
00600013000000000000000273160000000002578510005000000000054149
00600013000000000000000273170000000002148760005000000000045124
00600013000000000000000273180000000004570260005000000000095975
00600013000000000000000273190000000002826450005000000000059355
00600013000000000000000273200000000007681830005000000000161319
00600013000000000000000273210000000005276860005000000000110814
00600013000000000000000273220000000016415720005000000000344730
00600013000000000000000273230000000002655370005000000000055763
00600013000000000000000273240000000003995040005000000000083896
00600013000000000000000273250000000004958680005000000000104132
00600013000000000000000273260000000003751240005000000000078776
00600013000000000000000273270000000002892560005000000000060744
00600013000000000000000273280000000002892560005000000000060744
00600013000000000000000273290000000002152890005000000000045211
00600013000000000000000273300000000002892560005000000000060744
00600013000000000000000273310000000002892560005000000000060744
00600013000000000000000273320000000005950410005000000000124959
00600013000000000000000273330000000018743800005000000000393620
00600013000000000000000273340000000009719020005000000000204099
00600013000000000000000273350000000003519670005000000000073913
00600013000000000000000273360000000000991740005000000000020826
00600013000000000000000273370000000004859500005000000000102050
00600013000000000000000273380000000008636360005000000000181364
00600013000000000000000273390000000018495870005000000000388413
00600013000000000000000273400000000008421490005000000000176851
00600013000000000000000273410000000007289260005000000000153074
00600013000000000000000273420000000004413230005000000000092678
00600013000000000000000273430000000006783370005000000000142451
00600013000000000000000273440000000005099170005000000000107083
00600013000000000000000273450000000002768590005000000000058140
00600013000000000000000273460000000005404960005000000000113504
00600013000000000000000273470000000007685950005000000000161405
00600013000000000000000273480000000007123130005000000000149586
00600013000000000000000273490000000003768600005000000000079141
00600013000000000000000273500000000006008270005000000000126174
00600013000000000000000273510000000003747930005000000000078707
00600013000000000000000273520000000005772730005000000000121227
00600013000000000000000273530000000002181820005000000000045818
00600013000000000000000273540000000001834710005000000000038529
00600013000000000000000273550000000001933880005000000000040611
00600013000000000000000273560000000010606620005000000000222739
00600013000000000000000273570000000008186770005000000000171922
00600013000000000000000273580000000006472540005000000000135923
00600013000000000000000273590000000009933890005000000000208612
00600013000000000000000273600000000007876040005000000000165397
00600013000000000000000273610000000004958680005000000000104132
00600013000000000000000273620000000001603310005000000000033670
00600013000000000000000273630000000008608260005000000000180774
00600013000000000000000273640000000004958680005000000000104132
00600013000000000000000273650000000008231410005000000000172860
00600013000000000000000273660000000010900830005000000000228917
00600013000000000000000273670000000002776860005000000000058314
00600013000000000000000273680000000009157030005000000000192298
00600013000000000000000273690000000005016530005000000000105347
00600013000000000000000273700000000007834710005000000000164529
00600013000000000000000273710000000003483470005000000000073153
00600013000000000000000273720000000003818190005000000000080182
00600013000000000000000273730000000002892560005000000000060744
00600013000000000000000273740000000003818180005000000000080182
00600013000000000000000273750000000001834710005000000000038529
00600013000000000000000273760000000009694210005000000000203579
00600013000000000000000273770000000010413220005000000000218678
00600013000000000000000273780000000001053720005000000000022128
00600013000000000000000273790000000010591740005000000000222426
00600013000000000000000273800000000005542980005000000000116403
00600013000000000000000273810000000027173550005000000000570645
00600013000000000000000273820000000006322310005000000000132769
00600013000000000000000273830000000007339670005000000000154133
00600013000000000000000273840000000019652340005000000000412699
00600013000000000000000273850000000000227270005000000000004773
00600013000000000000000273860000000009873360005000000000207340
00600013000000000000000273870000000003570250005000000000074975
00600013000000000000000273880000000018388430005000000000386157
00600013000000000000000273890000000001652890005000000000034711
00600013000000000000000273900000000027204150005000000000571287
00600013000000000000000273910000000003867770005000000000081223
00600013000000000000000273920000000016411990005000000000344652
00600013000000000000000273930000000000958680005000000000020132
00600013000000000000000273940000000001735540005000000000036446
00600013000000000000000273950000000037099640005000000000779092
00600013000000000000000273960000000004661170005000000000097884
00600013000000000000000273970000000006582260005000000000138227
00600013000000000000000273980000000006099170005000000000128083
00600013000000000000000273990000000004512400005000000000094760
00600013000000000000000274000000000015047100005000000000315989
00600013000000000000000274010000000001877690005000000000039431
00600013000000000000000274020000000022778250005000000000478343
00600013000000000000000274030000000002892560005000000000060744
00600013000000000000000274040000000023461290005000000000492687
00600013000000000000000274050000000002892560005000000000060744
00600013000000000000000274060000000005801630005000000000121834
00600013000000000000000274070000000002454540005000000000051545
00600013000000000000000274080000000011611570005000000000243843
00600013000000000000000274090000000007263640005000000000152537
00600013000000000000000274100000000000632230005000000000013277
00600013000000000000000274110000000010381010005000000000218001
00600013000000000000000274120000000002892560005000000000060744
00600013000000000000000274130000000006181830005000000000129818
00600013000000000000000274140000000002314050005000000000048595
00600013000000000000000274150000000003223130005000000000067686
00600013000000000000000274160000000014590670005000000000306404
00600013000000000000000274170000000025181840005000000000528819
00600013000000000000000274180000000000227270005000000000004773
00600013000000000000000274190000000008487600005000000000178240
00600013000000000000000274200000000020322310005000000000426768
00600013000000000000000274210000000000429750005000000000009025
00600013000000000000000274220000000001646280005000000000034572
00600013000000000000000274230000000005801650005000000000121835
00600013000000000000000274240000000017036220005000000000357761
00600013000000000000000274250000000003487610005000000000073240
00600013000000000000000274260000000002826450005000000000059355
00600013000000000000000274270000000002186780005000000000045922
00600013000000000000000274280000000010479330005000000000220066
00600013000000000000000274290000000010557290005000000000221703
00600013000000000000000274300000000013619840005000000000286017
00600013000000000000000274310000000002380170005000000000049984
00600013000000000000000274320000000000227270005000000000004773
00600013000000000000000274330000000020256200005000000000425380
00600013000000000000000274340000000002499170005000000000052483
00600013000000000000000274350000000005900830005000000000123917
00600013000000000000000274360000000013619830005000000000286017
00600013000000000000000274370000000002499170005000000000052483
00600013000000000000000274380000000013619830005000000000286017
00600013000000000000000274390000000002280990005000000000047901
00600013000000000000000274400000000003719010005000000000078099
00600013000000000000000274410000000012614860005000000000264912
00600013000000000000000274420000000011685130005000000000245388
00600013000000000000000274430000000063114070005000000001325396
00600013000000000000000274440000000001140500005000000000023951
00600013000000000000000274450000000005975200005000000000125479
00600013000000000000000274460000000003917360005000000000082265
00600013000000000000000274470000000002892560005000000000060744
00600013000000000000000274480000000007338840005000000000154116
00600013000000000000000274490000000003541310005000000000074368
00600013000000000000000274500000000006765090005000000000142067
00600013000000000000000274510000000012981660005000000000272615
00600013000000000000000274520000000002892560005000000000060744
00600013000000000000000274530000000004958680005000000000104132
00600013000000000000000274540000000001685950005000000000035405
00600013000000000000000274550000000001223140005000000000025686
00600013000000000000000274560000000002892560005000000000060744
00600013000000000000000274570000000003429750005000000000072025
00600013000000000000000274580000000002933880005000000000061611
00600013000000000000000274590000000008023150005000000000168486
00600013000000000000000274600000000012728940005000000000267308
00600013000000000000000274610000000005454540005000000000114545
00600013000000000000000274620000000012694200005000000000266578
00600013000000000000000274630000000003570250005000000000074975
00600013000000000000000274640000000001900830005000000000039917
00600013000000000000000274650000000005272730005000000000110727
00600013000000000000000274660000000006776880005000000000142314
00600013000000000000000274670000000013099180005000000000275083
00800013000000000000000006780000000013619840005000000000286017
00800013000000000000000006790000000002499170005000000000052483
00800013000000000000000006800000000013619830005000000000286017
00800013000000000000000006810000000007263640005000000000152537
00600015000000000000000075600000000004024790005000000000084521
00600015000000000000000075610000000008378520005000000000175949
00600015000000000000000075620000000016265270005000000000341571
00600015000000000000000075630000000005990100005000000000125792
00600015000000000000000075640000000012454540005000000000261545
00600015000000000000000075650000000008796700005000000000184731
00600015000000000000000075660000000006363640005000000000133636
00600015000000000000000075670000000001818180005000000000038182
00600015000000000000000075680000000005400010005000000000113400
00600015000000000000000075690000000001338840005000000000028116
00600015000000000000000075700000000021966950005000000000461306
00600015000000000000000075710000000003609920005000000000075808
00600015000000000000000075720000000004958680005000000000104132
00600015000000000000000075730000000004641330005000000000097468
00600015000000000000000075740000000002975210005000000000062479
00600015000000000000000075750000000005117360005000000000107464
00600015000000000000000075760000000006208280005000000000130374
00600015000000000000000075770000000008251240005000000000173276
00600015000000000000000075780000000006932240005000000000145577
00600015000000000000000075790000000003927270005000000000082473
00600015000000000000000075800000000010968600005000000000230341
00600015000000000000000075810000000014876030005000000000312397
00600015000000000000000075820000000007676030005000000000161197
00600015000000000000000075830000000012390080005000000000260192
00600015000000000000000075840000000011665220005000000000244970
00600015000000000000000075850000000001818180005000000000038182
00600015000000000000000075860000000001309090005000000000027491
00600015000000000000000075870000000004958680005000000000104132
00600015000000000000000075880000000001495870005000000000031413
00600015000000000000000075890000000001818180005000000000038182
00600015000000000000000075900000000004281000005000000000089901
00600015000000000000000075910000000004702460005000000000098752
00600015000000000000000075920000000003669420005000000000077058
00600015000000000000000075930000000000674380005000000000014162
00600015000000000000000075940000000003570250005000000000074975
00600015000000000000000075950000000002892560005000000000060744
00600015000000000000000075960000000004958680005000000000104132
00600015000000000000000075970000000002892560005000000000060744
00600015000000000000000075980000000004958680005000000000104132
00600015000000000000000075990000000002892560005000000000060744
00600015000000000000000076000000000001033060005000000000021694
00600015000000000000000076010000000002892560005000000000060744
00600015000000000000000076020000000004958680005000000000104132
00600015000000000000000076030000000001685950005000000000035405
00600015000000000000000076040000000000842980005000000000017702
00600015000000000000000076050000000012763670005000000000268037
00600015000000000000000076060000000007000000005000000000147000
00600015000000000000000076070000000004909090005000000000103091
00600015000000000000000076080000000004958680005000000000104132
00600015000000000000000076090000000000495870005000000000010413
00600015000000000000000076100000000002892560005000000000060744
00600015000000000000000076110000000003867770005000000000081223
00600015000000000000000076120000000007304470005000000000153394
00600015000000000000000076130000000002892560005000000000060744
00600015000000000000000076140000000002892560005000000000060744
00600015000000000000000076150000000004661160005000000000097884
00600015000000000000000076160000000003074380005000000000064562
00600015000000000000000076170000000007772730005000000000163227
00600015000000000000000076180000000001537190005000000000032281
00600015000000000000000076190000000005682640005000000000119336
00600015000000000000000076200000000001983470005000000000041653
00600015000000000000000076210000000002892560005000000000060744
00600015000000000000000076220000000002380170005000000000049983
00600015000000000000000076230000000004545450005000000000095455
00600015000000000000000076240000000002892560005000000000060744
00600015000000000000000076250000000004574380005000000000096062
00600015000000000000000076260000000009818180005000000000206182
00600015000000000000000076270000000008231410005000000000172860
00600015000000000000000076280000000002892560005000000000060744
00600015000000000000000076290000000004958680005000000000104132
00600015000000000000000076300000000004264460005000000000089554
00600015000000000000000076310000000004909090005000000000103091
00600015000000000000000076320000000004958680005000000000104132
00600015000000000000000076330000000002082650005000000000043736
00600015000000000000000076340000000004958680005000000000104132
00600015000000000000000076350000000008300840005000000000174318
00600015000000000000000076360000000004115690005000000000086430
00600015000000000000000076370000000008330610005000000000174943
00600015000000000000000076380000000004958680005000000000104132
00600015000000000000000076390000000004958680005000000000104132
00600015000000000000000076400000000004958680005000000000104132
00600015000000000000000076410000000002892560005000000000060744
00600015000000000000000076420000000005586780005000000000117322
00600015000000000000000076430000000005586780005000000000117322
00600015000000000000000076440000000005785120005000000000121488
00600015000000000000000076450000000006603310005000000000138669
00600015000000000000000076460000000004958680005000000000104132
00600015000000000000000076470000000001528930005000000000032108
00600015000000000000000076480000000008181820005000000000171818
00600015000000000000000076490000000003867770005000000000081223
00600015000000000000000076500000000002504130005000000000052587
00600015000000000000000076510000000005542980005000000000116403
00600015000000000000000076520000000011842970005000000000248702
00600015000000000000000076530000000005516520005000000000115847
00600015000000000000000076540000000002380170005000000000049983
00600015000000000000000076550000000002826450005000000000059355
00600015000000000000000076560000000001487600005000000000031240
00600015000000000000000076570000000017256200005000000000362380
00600015000000000000000076580000000002826450005000000000059355
00600015000000000000000076590000000027541310005000000000578367
00600015000000000000000076600000000002826450005000000000059355
00600015000000000000000076610000000002247930005000000000047207
00600015000000000000000076620000000004958680005000000000104132
00600015000000000000000076630000000005801650005000000000121835
00600015000000000000000076640000000008181830005000000000171818
00600015000000000000000076650000000006515700005000000000136830
00600015000000000000000076660000000003867770005000000000081223
00600015000000000000000076670000000018181800005000000000381818
00600015000000000000000076680000000012396700005000000000260331
00600015000000000000000076690000000004462800005000000000093719
00600015000000000000000076700000000004512410005000000000094761
00600015000000000000000076710000000020889480005000000000438679
00600015000000000000000076720000000000376030005000000000007897
00600015000000000000000076730000000006381150005000000000134004
00600015000000000000000076740000000011302490005000000000237352
00600015000000000000000076750000000004685950005000000000098405
00600015000000000000000076760000000017764460005000000000373054
00600015000000000000000076770000000011363600005000000000238636
00600015000000000000000076780000000004958680005000000000104132
00600015000000000000000076790000000002892560005000000000060744
00600015000000000000000076800000000008661160005000000000181884
00600015000000000000000076810000000004958680005000000000104132
00600015000000000000000076820000000004958680005000000000104132
00600015000000000000000076830000000004958680005000000000104132
00600015000000000000000076840000000004958680005000000000104132
00600015000000000000000076850000000004958680005000000000104132
00600015000000000000000076860000000004958680005000000000104132
00600015000000000000000076870000000002892560005000000000060744
00600015000000000000000076880000000001404960005000000000029504
00600015000000000000000076890000000005669450005000000000119058
00600015000000000000000076900000000002892560005000000000060744
00600015000000000000000076910000000004958680005000000000104132
00600015000000000000000076920000000002892560005000000000060744
00600015000000000000000076930000000006917360005000000000145264
00600015000000000000000076940000000003867770005000000000081223
00600015000000000000000076950000000007636360005000000000160363
00600015000000000000000076960000000002628100005000000000055190
00600015000000000000000076970000000002925620005000000000061438
00600015000000000000000076980000000014793400005000000000310661
00600015000000000000000076990000000002892560005000000000060744
00600015000000000000000077000000000014474400005000000000303962
00600015000000000000000077010000000002892560005000000000060744
00600015000000000000000077020000000022171860005000000000465609
00600015000000000000000077030000000001874390005000000000039362
00600015000000000000000077040000000004909090005000000000103091
00600015000000000000000077050000000002892560005000000000060744
00600015000000000000000077060000000002181820005000000000045818
00600015000000000000000077070000000002892560005000000000060744
00600015000000000000000077080000000001487600005000000000031240
00600015000000000000000077090000000032975200005000000000692479
00600015000000000000000077100000000009243800005000000000194120
00600015000000000000000077110000000002892560005000000000060744
00600015000000000000000077120000000005504130005000000000115587
00600015000000000000000077130000000011454550005000000000240545
00600015000000000000000077140000000002892560005000000000060744
00600015000000000000000077150000000002892560005000000000060744
00600015000000000000000077160000000007479340005000000000157066
00600015000000000000000077170000000005504130005000000000115587
00600015000000000000000077180000000004958680005000000000104132
00600015000000000000000077190000000002892560005000000000060744
00600015000000000000000077200000000005570250005000000000116975
00600015000000000000000077210000000001735540005000000000036446
00600015000000000000000077220000000004958680005000000000104132
00600015000000000000000077230000000002181820005000000000045818
00600015000000000000000077240000000002892560005000000000060744
00600015000000000000000077250000000004462810005000000000093719
00600015000000000000000077260000000004545450005000000000095455
00600015000000000000000077270000000003421490005000000000071851
00600015000000000000000077280000000000892560005000000000018744
00600015000000000000000077290000000003223140005000000000067686
00600015000000000000000077300000000006743820005000000000141620
00600015000000000000000077310000000004909070005000000000103091
00600015000000000000000077320000000006753740005000000000141829
00600015000000000000000077330000000001153720005000000000024228
00600015000000000000000077340000000002925620005000000000061438
00600015000000000000000077350000000010405790005000000000218522
00600015000000000000000077360000000002578510005000000000054149
00600015000000000000000077370000000001867770005000000000039223
00600015000000000000000077380000000002892560005000000000060744
00600015000000000000000077390000000008661170005000000000181884
00600015000000000000000077400000000000590910005000000000012409
00600015000000000000000077410000000002892560005000000000060744
00600015000000000000000077420000000001983470005000000000041653
00600015000000000000000077430000000002892560005000000000060744
00600015000000000000000077440000000003305790005000000000069421
00600015000000000000000077450000000013685920005000000000287404
00600015000000000000000077460000000003037190005000000000063781
00600015000000000000000077470000000017933880005000000000376611
00600015000000000000000077480000000005768620005000000000121141
00600015000000000000000077490000000005077680005000000000106631
00600015000000000000000077500000000004165310005000000000087471
00600015000000000000000077510000000004115700005000000000086430
00600015000000000000000077520000000001438020005000000000030198
00600015000000000000000077530000000003008270005000000000063174
00600015000000000000000077540000000002677690005000000000056231
00600015000000000000000077550000000003966930005000000000083306
00600015000000000000000077560000000004958680005000000000104132
00600015000000000000000077570000000002537190005000000000053281
00600015000000000000000077580000000002171900005000000000045610
00600015000000000000000077590000000004596710005000000000096531
00600015000000000000000077600000000002033060005000000000042694
00600015000000000000000077610000000000376030005000000000007897
00600015000000000000000077620000000002892560005000000000060744
00600015000000000000000077630000000002768590005000000000058140
00600015000000000000000077640000000002740910005000000000057559
00600015000000000000000077650000000000351240005000000000007376
00600015000000000000000077660000000004421900005000000000092860
00600015000000000000000077670000000004507450005000000000094656
00600015000000000000000077680000000017570270005000000000368976
00600015000000000000000077690000000004099170005000000000086083
00600015000000000000000077700000000001049590005000000000022041
00600015000000000000000077710000000005752070005000000000120793
00600015000000000000000077720000000004958680005000000000104132
00800015000000000000000000760000000007676030005000000000161197
00800015000000000000000000770000000005586780005000000000117322
